clade_name	NCBI_tax_id	SRS149196	SRS149090	SRS148832	SRS144713	SRS144312	SRS143690	SRS143147	SRS142557	SRS097963	SRS097925	SRS077646	SRS077453	SRS077397	SRS077236	SRS076865	SRS076761	SRS075980	SRS075883	SRS075778	SRS058213	SRS054061	SRS053437	SRS052590	SRS051613	SRS050025	SRS046344	SRS020868	SRS020386	SRS020232	SRS019986	SRS019597	SRS019386	SRS019339	SRS019215	SRS018784	SRS018671	SRS018585	SRS018463	SRS018369	SRS018312	SRS017820	SRS017697	SRS017451	SRS017244	SRS017156	SRS017044	SRS016752	SRS016581	SRS016553	SRS016513	SRS016434	SRS016292	SRS016188	SRS016033	SRS015996	SRS015937	SRS015752	SRS015640	SRS015450	SRS015430	SRS015269	SRS015051	SRS014901	SRS014682	SRS014464	SRS013956	SRS013876	SRS013637	SRS013269	SRS013155	SRS012663	SRS012291	SRS011397	SRS011263	SRS011132
g__Actinobaculum	2|201174|1760|2037|2049|76833	0	0	0	0	0	0	0	0	0	0	0	0.01095	0	0	0	0	0	0	0	0	0	0	0	0	0	0	0	0	0	0	0	0	0	0	0	0	0	0	0	0	0	0	0	0	0	0	0	0	0	0	0	0	0	0	0	0	0	0	0	0	0	0	0	0	0	0	0	0	0	0	0	0	0	0	0
g__Actinomyces	2|201174|1760|2037|2049|1654	0.32996	1.14619	0.80891	9.21995	5.94727	1.4422	0.17575	0.46357	9.92002	0	0	1.0929	0.07707	7.72755	5.5437	0.01767	0.08056	0.05484	0	0	0	0	0	0	0.33527	0	0	0	0	0	0	0	0	0	0	0	0	0	0	0	0	0	0	0	0	0	0	0	0	0	0	0	0	0	0	0	0	0	0	0	0	0.03674	0	0	0	0	0	0	0	0	0	0	0	0	0
g__Gardnerella	2|201174|1760|85004|31953|2701	0	0	0	0	0	0	0	0	0	0	0	0	0	0	0	0	0	0	0	0	0	0	0	0	0	0	0	0	0	0	0	0	0	0	0	0	0	0	0	0	0	0	0.4888	0	0	0	0	0	0	0	0	0	0	0	0	0	0	0	0	0	0	0	0	0	0	0	0	0	0	0	0	0	0	0	0
g__Corynebacterium	2|201174|1760|85007|1653|1716	20.4273	0	29.33315	3.50047	7.26323	8.16725	36.48927	70.30653	2.47622	21.55911	47.44838	9.11575	24.72165	6.16885	0.9114	13.45538	35.16021	14.36293	0	21.48212	5.52948	35.8136	48.90617	38.45759	0.48254	4.89707	6.50132	5.30812	24.38101	39.48514	4.76337	14.87161	5.98126	0	64.48625	0	19.59252	6.16759	3.2423	0	13.41373	9.14698	32.37412	6.49418	2.21452	2.92239	10.68782	0	0	0	15.72796	61.9026	6.9494	0.07979	45.95599	19.34571	23.84734	11.37553	4.89113	31.6586	6.73982	0	18.73132	68.12941	32.59623	0	71.6332	6.73248	7.24391	5.57801	18.62512	9.15476	4.69131	31.47597	5.22474
g__Lawsonella	2|201174|1760|85007||1847725	0	0	0	0	0	0	0	0	0	0	0.01979	0	0	0	0	0.01556	0	0	0	0	0	0	0	0	0	0	0	0	3.20856	0	0	0	0	0	0	0	0	0	0	0	0	0	0	0	0	0	0.25181	0	0	0	0	0	0	0	0	0	0.10046	0	0	0	0	0	0	0	0	0	0	0	0	0	0	0	0	0	0
g__Micrococcus	2|201174|1760|85006|1268|1269	0	0	0	0	0	0	0	0	0	0	0	0	0	0	0.84132	0	0	0	0	0	0	0	0	0	0	0	0	0	0	0	0	0	0	0	0	0	0	0	0	0	0	0	0	0	0	0	0	0	0	0	0	0	0	0	0	0	0	0	0	0	0	0	0	0.08938	0	0	0	0	0	0	0	0	0	0	0
g__Rothia	2|201174|1760|85006|1268|32207	0	0	0.02995	4.1158	5.07597	0.51849	0	0	0	0	0	0.23357	0	2.09086	1.21614	0.74103	0.58014	0	0	0	0	0	0	0	0.58628	0	0	0.07733	0	0	0	0	0	0	0	0	0	0	0	0	0	0	0.33374	0	0	0	0	0	0	0	0	0	0	3.17625	0	0.00346	0	0	0	0	0	0	0.01108	0	0	0	0	0	0	0	0	0	1.13736	0	0
g__Cutibacterium	2|201174|1760|85009|31957|1912216	74.55562	53.42353	32.23432	4.74215	51.36734	77.22759	46.41938	17.38073	0	51.6626	23.67984	72.18931	54.84549	0	40.00258	56.10676	28.47582	8.69461	69.85441	42.24778	76.02654	10.40134	17.07122	8.38811	60.82535	68.4622	77.11546	46.95958	37.74136	11.25407	2.09864	49.34222	56.0074	53.70267	14.20706	68.23042	19.40583	7.94121	40.65516	7.35006	7.42916	69.42969	24.22794	5.27367	66.95291	26.3643	34.79164	40.26117	58.46613	32.56798	38.02609	11.89708	50.4905	53.2263	27.28907	49.23749	32.06729	4.72829	9.74544	33.6319	3.88458	96.82215	19.12096	8.73748	42.10181	65.64098	22.70782	74.5228	58.20443	25.98706	8.65951	86.90284	10.70683	68.30415	94.77526
g__Bacteroides	2|976|200643|171549|815|816	0.84858	0	0.36987	26.4719	0.49782	0.94413	0	1.24693	22.05244	0.0038	0	0.78441	0.54098	7.71495	0	0	0	0.09532	0	0	0	0	0	0	0	0	0	0	0	0	0	0	0	0	0	0	0	0	0	0	0	0	0	0	0	0	0	0	0	0	2.98637	0	0	0	0	0	0	0	0	0	0	0	0	0	0	0	0	0	0	0	0	0	0	0	0
g__Porphyromonas	2|976|200643|171549|171551|836	0	0	0	0	0	0	0	0	0	0	0	0	0	0	0	0	0	0	0	0	0	0	0	0	0	0	0	0	0	0	0	0	0	0	0	0	0	2.41504	0	0	0	0	0.04127	0	0	0	0	0	0	0	0	0	0	0	0	0	0	0	0	0	0	0	0	0	0	0	0	0	0	0	0	0	0	0	0
g__Alloprevotella	2|976|200643|171549|171552|1283313	0	0	0	0	0	0	0	0	0	0	0	0	0	0	0	0	0	0	0	0	0	0	0	0	0	0	0	0	0	0	0	0	0	0	0	0	0	0	0	0	0	0	0	0	0	0	0	0	0	0	0	0	0	0	0	0	0	0	0	0	0	0	0	0	0	0	0	0	0	0	0	0	0.135	0	0
g__Prevotella	2|976|200643|171549|171552|838	0	0	0.04198	17.22916	0.03136	0.36051	0	0.63666	24.98267	0	0.20617	0.05551	0.87259	2.24703	0.94635	0	0	0.39844	0	0	0	0	0	0	0.05085	0	0	0	1.87605	0	0	0.28511	7.48581	0	0	0	0	2.52162	0	0	0	0	0.19129	0	0	0	0	0	0	0	0	0	0	0	0	0	0	0.31699	0	0	0	0	0	0	0	0	0.02591	0	0	0.33128	0	0	0.06098	0	0
g__Alistipes	2|976|200643|171549|171550|239759	0	0	0	6.24966	0	0	0	0	1.79834	0	0	0	0	0	0	0	0	0	0	0	0	0	0	0	0	0	0	0	0	0	0	0	0	0	0	0	0	0	0	0	0	0	0	0	0	0	0	0	0	0	0	0	0	0	0	0	0	0	0	0	0	0	0	0	0	0	0	0	0	0	0	0	0	0	0
g__Parabacteroides	2|976|200643|171549|2005525|375288	0	0	0	0	0	0	0	0	0	0	0	0	0	0	0	0	0	0	0	0	0	0	0	0	0	0	0	0	0	0	0	0	0	0	0	0	0	0	0	0	0	0	0	0	0	0	0	0	0	0	0.22458	0	0	0	0	0	0	0	0	0	0	0	0	0	0	0	0	0	0	0	0	0	0	0	0
g__Cloacibacterium	2|976|117743|200644|49546|501783	0	0	0	0	0	0	0	0	0	0	0	0	0	0	0	0	0	0	0	0	0	0	0	0	0	0	0	0	0	0	0	0	0	0	0	0	0	0	0	0	0	0	0	0	0	0	0	0	0	0	0	0	0	0	0	0.00439	0	0	0	0	0	0	0	0	0	0	0	0	0	0	0	0	0.01223	0	0
g__Gemella	2|1239|91061|1385||1378	0.22431	0	0	0	0	0	0.05033	0	0	0	0	0	0	0	0.17665	0.62156	0	0	0	0	0	0	0	0	0.29119	0	0	0.16463	0	0.00588	0	0	0	0	0	0	0	0.26944	0.57251	0	0.09944	0	0.49466	0	0	0	0.01256	0	0	0	0.7708	0	0.25793	0	0	0	0	0	0	0	0	0	0	0.00727	0	0	0	0	0	0	0	0	2.45014	0	0
g__Staphylococcus	2|1239|91061|1385|90964|1279	0.42589	40.49569	33.59624	0	6.50993	2.99028	0.98688	8.87143	11.82901	0.0307	1.42857	10.34292	10.21648	0	30.98994	11.2273	31.27226	18.85598	0	31.33258	9.50225	5.14791	34.02261	0.24616	22.64311	7.44596	16.38322	44.73141	2.40583	19.27661	0.81758	7.32444	25.43301	46.29733	4.37614	30.37788	18.53043	1.00908	46.04006	2.70007	4.11181	17.50329	2.9761	6.5919	30.39219	14.6246	29.74657	58.09231	24.62932	54.14144	34.11276	20.0503	13.32039	42.98814	5.17159	10.64444	8.93026	0.08723	79.45801	27.99087	0.86032	1.79582	4.2424	1.04001	3.26615	6.36379	5.01213	6.99904	33.00197	12.9482	4.00975	3.9424	5.07013	0	0
g__Abiotrophia	2|1239|91061|186826|186827|46123	0	0	0	0	0	0	0	0	0	0	0	0	0	0	0	0	0	0	0	0	0	0	0	0	0.09809	0	0	0	0	0	0	0	0	0	0	0	0	0	0	0	0	0	0	0	0	0	0	0	0	0	0	0	0	0	0	0	0	0	0	0	0	0	0	0	0	0	0	0	0	0	0	0	0	0	0
g__Dolosigranulum	2|1239|91061|186826|186828|29393	0	0	0	0	0	0	13.53023	0	0	20.99057	0.25363	0	4.58951	0	0	0.87166	0	52.86671	0	2.87449	0	48.57794	0	52.51063	0	0	0	0	19.97018	6.67972	12.29167	8.31699	0	0	0	0	38.22501	0	0	0	44.82415	1.26125	27.95504	73.24914	0	52.80648	3.34727	0	0	0	0	0	7.48999	0	7.98264	19.90222	34.41218	12.70652	0	0	8.70327	0	28.77105	1.51733	1.05248	0	0	0	0	1.25951	67.57814	0	6.13848	0	0
g__Granulicatella	2|1239|91061|186826|186828|117563	0	0	0	0	0	0	0	0	0	0	0	0	0	0	0	0	0	0	0	0	0	0	0	0	0	0	0	0	0	0	0	0	0	0	0	0	0	0	0.58346	0	0.12612	0	0	0	0	0	0	0	0	0	0	0	0	0	0	0	0	0	0	0	0	0	0	0	0	0	0	0	0	0	0	0	1.78423	0	0
g__Lactobacillus	2|1239|91061|186826|33958|1578	0	0	0	0	0	0	0	0	0	0	0	0	0	0	0	0	0	0.17969	0	0	0	0	0	0	0	0	0	0	0	0	0	0	0	0	0	0	0	0	0	0	0	0	0	0	0	0	0	0	0	0	0	0	0	0	0	0	0	0	0	0	0	0	0	0	0	0	0	0	0	0	0	0	0	0	0
g__Streptococcus	2|1239|91061|186826|1300|1301	0.18259	0	0.87521	0	5.81342	2.17316	0.08337	0	0	0.02964	0.00295	1.77247	0	10.51857	7.32331	1.22253	0.20593	0.08981	0	0.38431	0	0.05921	0	0	5.27878	0	0	0.70532	0	0	0	0.45739	0	0	0	0	0.30092	0	5.2017	0	0.82238	2.65879	4.06355	0	0.25233	0.11852	0.14096	0	0	0	0	0	0	0.33234	0	0	0.06976	0	0	0	0	1.23217	0.34045	0	0	0	0	0	0	0	0.2462	0	24.6858	0	0
g__Faecalibacterium	2|1239|186801|186802|541000|216851	0	0	0	0	0	0.14256	0	0	0	0	0	0	0	0	0	0	0	0	0	0	0	0	0	0	0	0	0	0	0	0	0	0	0	0	0	0	0	0	0	0	0	0	0	0	0	0	0	0	0	0	0	0	0	0	0	0	0	0	0	0	0	0	0	0	0	0	0	0	0	0	0	0	0	0	0
g__Negativicoccus	2|1239|909932|1843489|31977|909928	0	0	0	0	0	0	0	0	0	0	0	0.17208	0	0	0	0	0	0	0	0	0	0	0	0	0	0	0	0	0.37073	0	0	0	0	0	0	0	0	0	0	0	0	0	0	0	0	0	0	0	0.32517	0	0	0	0	0	0	0	0	0	0	0	0	0	0	0	0	0	0	0	0	0	0	0	0	0	0
g__Veillonella	2|1239|909932|1843489|31977|29465	0	0	0	0	0	0	0	0.56391	0	0	0	0.10919	0	4.44361	3.5696	0	0	0.00641	0	0	0	0	0	0	0.35988	0	0	0	0	0	0	0	0	0	0	0	0	1.92016	0	0	0	0	0	0	0	0	0	0	0	0	0	0	0	0	0	0	0	0	0	0	0	0	0	0	0	0	0	0	0	0	0	0	0.16953	0	0
g__Anaerococcus	2|1239|1737404|1737405|1570339|165779	1.79913	0	0	0	0	0.12641	1.64696	0	0	4.27076	5.10752	0.77867	0	0	0	0.43736	0	2.11354	0	1.3211	0	0	0	0	1.70156	0	0	1.74748	1.50768	0.46169	0	1.41802	2.92219	0	0.54001	0	0	0	3.70481	0	0.67211	0	0.09429	0	0	1.33212	0.90051	0	2.98066	6.01828	2.22838	0	0.81405	0	0	0.27799	0.49991	0	0	0	0	0	0.09303	0.1014	0	0	0	0	0	0.16575	0.04901	0	0.62373	0.21989	0
g__Finegoldia	2|1239|1737404|1737405|1570339|150022	0.12376	0	0	0	0	0	0.16129	0	0	1.43484	1.03018	0.41056	0	0	0	0	0	1.62468	0	0	0	0	0	0	0.28024	0	0	0.06192	1.07387	0	0	0.78167	0.03253	0	0	0	0	0	0	0	0.32646	0	0.99504	0	0	0.42878	0	0	0.52416	1.26549	0.79244	0	0.3653	0	0	0	0	0	0	0	0	0	0	0.04124	0	0	0	0	0	0	0	0	0.20233	0	0
g__Peptoniphilus	2|1239|1737404|1737405|1570339|162289	0	0	0	0	0	0	0	0	0	0	0	0	0	0	0	0	0	0	0	0	0	0	0	0	0	0	0	0	0	0	0	0	0	0	0	0	0	0	0	0	0	0	0.17297	0	0	0	0	0	0	0	0	0	0	0	0	0	0	0	0	0	0	0	0	0	0	0	0	0	0	0	0	0	0	0	0
g__Fusobacterium	2|32066|203490|203491|203492|848	0	0	0	0	0	0	0	0	0	0	0	0	0	0	1.8666	0	0	0	0	0	0	0	0	0	0	0	0	0	0	0	0	0	0	0	0	0	0	0.89984	0	0	0	0	0	0	0	0	0	0	0	0	0	0	0	0	0	0	0	0	0	0	0	0	0	0	0	0	0	0	0	0	0	0	0	0	0
g__Lautropia	2|1224|28216|80840|119060|47670	0.1733	0	0.44935	0.34646	8.7595	0.50697	0.06312	0	0	0.01798	0	0.93587	0	6.11568	0	0.58655	0	0	0	0	0	0	0	0	0	0	0	0	0	0	0	0	0	0	0	0	0	0	0	0	0	0	0	0	0	0	0	0	0	0	0	0	0	0	0	0	0	0	0	0	0	0	0	0	0	0	0	0	0	0	0	0	0	0	0
g__Neisseria	2|1224|28216|206351|481|482	0.19476	0.88031	1.22336	17.4327	4.95041	2.07916	0.29006	0.53024	26.9413	0	0	0.87289	1.21763	27.61518	0.47274	0.43777	3.27891	0.11016	10.10464	0	0	0	0	0	0.26017	0	0	0	0	0	0	0	0	0	0	0	0	13.3142	0	0	0	0	0.46126	0	0	0	0	0	0	0	0	0	0	0	0	0	0	0	0	0	0	0	0	0	0	0	0	0	0	0	0	0	0.21386	0	0
g__Campylobacter	2|1224|29547|213849|72294|194	0	0	0	0	0	0	0	0	0	0	1.13436	0	0	0	0	0	0	0	0	0	0	0	0	0	0	0	0	0	7.46472	0	0	0	2.1378	0	0	0	0	0	0	0	0	0	0	0	0	0	0.09898	0	0	0	0	0	0	0	0	0	0	0	0	0	0	0	0	0	0	0	0	0	0	0	0	0	0	0	0
g__Helicobacter	2|1224|29547|213849|72293|209	0	0	0	0	0	0	0	0	0	0	0	0	0	0	0	0	0	0	0	0	0	0	0	0	0	0	0	0	0	0	0	0	0	0	0	0	0	0	0	0	0	0	1.03275	0	0	0	0	0	0	0	0	0	0	0	0	0	0	0	0	0	0	0	0	0	0	0	0	0	0	0	0	0	0	0	0
g__Cardiobacterium	2|1224|1236|135615|868|2717	0	0	0	0	0	0	0	0	0	0	0	0.17428	0	0	0	0	0	0	0	0	0	0	0	0	0	0	0	0	0	0	0	0	0	0	0	0	0	0	0	0	0	0	0	0	0	0	0	0	0	0	0	0	0	0	0	0	0	0	0	0	0	0	0	0	0	0	0	0	0	0	0	0	0	0	0
g__Escherichia	2|1224|1236|91347|543|561	0	0	0	0	0	0	0	0	0	0	6.99083	0	0	0	0	0	0	0	0	0	0	0	0	0.39751	0	0	0	0	0	0	0	0	0	0	0	0	0.0799	0	0	0	0	0	0	0	0	0	0	0	0	0	0	0	0	0	0	0	0	0.6334	0	0	0	0	0	0	0	0	0	0	0	0	0	0	0	0	0
g__Klebsiella	2|1224|1236|91347|543|570	0	0	0	0	0	0	0	0	0	0	12.67945	0	0	0	0	0	0	0	0	0	0	0	0	0	0.17161	0	0	0	0	0	0	0	0	0	0	0	0	0	0	0	0	0	0	0	0	0	0	0	6.77419	1.3845	0	0	0	0	0	0	0	0	4.95611	4.20172	0.42234	0	0	0	0	0	0	0	0	0	0	0	0	0	0
g__Proteus	2|1224|1236|91347|1903414|583	0	0	0	0	0	0	0	0	0	0	0	0	0	0	0	0	0	0	0	0	0	0	0	0	0	0	0	0	0	0	0	0	0	0	0	0	0	0	0	0	0	0	0	0	0	0	0	0	0	0	0	0	0	0	0	0	0	0	0	0	0.41332	0	0	0	0	0	0	0	0	0	0	0	0	0	0
g__Haemophilus	2|1224|1236|135625|712|724	0.05541	4.05428	1.03765	10.69174	1.89707	1.22783	0.10335	0	0	0	0	0.83208	0	25.35772	0.4351	0.50105	0.94616	0.03706	1.71597	0	0	0	0	0	0.21507	0	0	0.07259	0	0	0	0	0	0	0	0	0.32256	1.62707	0	0	0.12666	0	3.08313	0	0	0.16454	0	0	0	0	0	0	0	0.19718	0	0.27823	0	0	0	0	0	0	0.18202	0	0	0	0	0	0	0	0	0	0.44524	0	0
g__Moraxella	2|1224|1236|72274|468|475	0	0	0	0	0	0	0	0	0	0	0	0	0	0	0	13.7578	0	0	18.32499	0	0	0	0	0	0	0	0	0	0	0	79.89278	16.8693	0	0	0	0	0	61.91474	0	89.94987	27.86902	0	0	8.39111	0	0	14.60426	0	0	0	0	0	15.30769	0	0	0	0	70.15204	0	0	78.97635	0	0	17.75567	0	21.09428	0	9.94299	0	53.06108	0	0	41.47283	0	0
g__Tepidiphilus	2|1224|2008785|119069|206349|203470	0	0	0	0	0	0	0	0	0	0	0	0	0	0	0	0	0	0	0	0	0	0	0	0	0	0	0	0	0	0	0	0	0	0	0	0	0	0	0	0	0	0	0	0	0	0	0	0	0	0	0	0	0	0	0	0.00441	0	0	0	0	0	0	0	0	0	0	0	0	0	0	0	0	0	0	0
g__Malassezia	2759|5204|1538075|162474|742845|55193	0.6594	0	0	0	1.8867	2.09346	0	0	0	0	0.01832	0.11661	2.91859	0	5.70459	0	0	0.50982	0	0.35761	8.94173	0	0	0	6.42001	19.19477	0	0.17162	0	22.8369	0.13595	0.33325	0	0	16.39053	1.3917	3.54284	0	0	0	0.17896	0	1.01406	0	0.18805	1.23826	5.41761	1.64652	6.30037	4.62231	5.13062	6.15001	5.00474	0	13.6007	0.30165	0.0728	0	0.9493	2.51691	0	0.11311	28.50769	2.5808	20.98333	6.90095	0.62093	1.80269	1.54969	0.66911	0.83227	0	0	0	0
