clade_name	NCBI_tax_id	SRS149184	SRS149078	SRS148771	SRS142545	SRS077441	SRS077239	SRS076764	SRS075765	SRS057791	SRS057539	SRS056323	SRS055426	SRS054687	SRS053854	SRS052227	SRS050244	SRS049389	SRS047824	SRS044373	SRS043663	SRS042643	SRS023352	SRS022719	SRS022530	SRS022143	SRS020334	SRS019974	SRS019607	SRS019389	SRS019219	SRS018791	SRS018739	SRS018591	SRS017808	SRS017713	SRS017533	SRS016529	SRS016501	SRS016319	SRS016225	SRS016086	SRS016037	SRS016002	SRS015941	SRS015893	SRS015762	SRS015644	SRS015537	SRS015434	SRS015395	SRS015272	SRS015209	SRS015038	SRS014888	SRS014684	SRS014573	SRS014470	SRS014271	SRS014124	SRS013879	SRS013502	SRS013234	SRS013164	SRS012279	SRS011243	SRS011140
g__Actinobaculum	2|201174|1760|2037|2049|76833	0	0	0.00952	0.01431	0.001	0	0	0	0	0	0	0.06729	0	0	0	0	0	0	0	0	0	0	0.02262	0	0	0.00204	0.00518	0	0	0	0	0.00367	0.00235	0.0022	0.02825	0	0	0	0	0	0	0.01268	0	0	0.00455	0	0	0	0	0.00448	0	0	0	0.00745	0	0	0	0	0	0.00232	0	0.00098	0	0	0	0.00589
g__Actinomyces	2|201174|1760|2037|2049|1654	41.49822	41.82899	25.54515	8.84926	2.24814	8.90573	18.03262	31.19816	14.68278	14.28858	21.9333	8.07018	12.24021	11.47114	9.69151	9.96579	3.17952	14.7576	8.69765	2.36955	4.71831	6.22858	0.84897	3.1362	10.40811	16.91304	5.96052	7.73816	2.96765	16.32938	5.90209	9.55551	9.39736	4.50925	7.36012	16.33188	2.05	1.97044	12.56833	2.51634	5.69631	4.21432	3.91832	13.4679	19.80839	3.34253	3.43019	4.45695	9.20775	5.54975	5.10126	15.28962	13.62204	6.76908	8.9614	4.6935	8.28287	5.75944	10.5973	3.78728	7.93722	2.84086	1.86754	7.06949	1.11893	3.35953
g__Alloscardovia	2|201174|1760|85004|31953|419014	0.00227	0	0.1171	0	0	0	0.01494	0.19812	0.05081	0.00557	0	0	0	0	0	0.00176	0	0.00181	0	0	0	0	0	0	0.01931	0.03799	0	0.00092	0	0	0.33246	0	0.00432	0	0	0	0	0	0.00693	0	0	0	0	0.01779	0	0	0	0	0.00761	0.00602	0.62315	0	0	0	0	0.00427	7e-05	0.12728	0	0	0	0	0	0	0	0
g__Bifidobacterium	2|201174|1760|85004|31953|1678	0	0	0.01655	0	0	0	0	0.29384	0.00109	0.01511	0	0	0	0	0	0	0	0	0	0	0.04225	0	0	0	0	0.0243	0	0.01004	0	0	0	0	0.01151	0.0083	0	0	0	0	0	0	0	0	0	0	0	0.00037	0	0	0	0	0.00962	0	0	0	0	0	0	0.03433	0	0	0	0	0	0	0	0
g__Scardovia	2|201174|1760|85004|31953|196081	0	0	0	0	0	0	0	0.00197	0	0.00147	0	0	0	0	0	0	0	0	0	0	0	0.00017	0	0	0	0	0.01208	0	0	0	0	0	0	0.00245	0.00199	0	0	0	0	0	0	0	0	0	0	0	0	0.00168	0	0	0	0	0	0	0	0	0	0	8e-05	0	0	0.01023	0.01408	0	0	0
g__Corynebacterium	2|201174|1760|85007|1653|1716	0.00247	0.00633	3.88215	0.11524	0.00997	0.01397	0.00245	0.00546	0.00084	0.00893	0.00124	0.12532	0.05099	0.01655	0.00736	0.00055	0	0.00153	0.0023	0.0047	0	0.00927	1.6878	0.01628	0.00148	0.33777	0.09437	0.00095	0.00272	0	0	0.0108	0.00204	1.07735	0.32197	0.10339	0	0	0.40198	0.00178	0.00946	0.00205	0.0146	0	0	0.00185	4.58621	0.22016	0	0.04201	0.00023	0	0.00577	0.07175	0	0.00353	0.00042	0.0163	0.00347	0.00686	0.0269	0.05943	0.01583	0.00052	0.00468	0.04389
g__Rothia	2|201174|1760|85006|1268|32207	3.48044	2.40135	1.43779	11.69333	5.31836	15.98313	9.3182	0.52922	1.84798	1.59547	6.71776	11.21047	9.44673	6.59708	4.97897	0.92913	1.3641	0.74374	1.23553	4.43821	0.40998	1.0064	3.06739	2.24529	1.2321	5.43964	6.60104	2.91356	3.97205	2.73114	0.2917	1.29354	0.43773	2.73577	4.43433	11.79851	16.88896	14.03517	1.63446	1.9016	4.19788	7.38291	3.04617	2.30373	0.38107	0.74612	13.14442	6.67502	1.97479	16.86586	0.59653	1.45929	2.92123	20.69011	0.67001	2.15713	0.57462	1.73894	12.65445	5.32163	8.51246	11.01702	0.80905	2.1432	3.09277	8.47662
g__Cutibacterium	2|201174|1760|85009|31957|1912216	0	0	0	0	0	0	0	0	0	0	0	0.01683	0	0	0.02569	0	0	0	0	0	0	0	0	0	0	0	0	0	0.00244	0	0	0	0	0	0.00779	0.12824	0.00114	0.00237	0	0	0	0	0	0	0	0	0	0	0	0	0	0	0	0.00171	0	0	0	0	0	0.00294	0	0.00299	0	0	0	0
g__Propionibacterium	2|201174|1760|85009|31957|1743	0	0	0	0	0	0	0	0	0	0	0	0.00253	0	0	0	0	0	0	0	0	0	0	0	0	0	0	0	0	0	0	0	0	0	0	0	0	0	0	0	0	0	0	0	0	0	0	0	0	0	0	0	0	0	0	0	0	0	0	0	0	0	0	0	0	0	0
g__Pseudopropionibacterium	2|201174|1760|85009|31957|1912217	0	0	0	0.00152	0	0	0	0	0	0	0	0.00408	0	0	0.0011	0	0	0	0	0	0	0	0.00306	0	0	0.0004	0	0	0	0	0	0	0	0	0	0.0135	0	0	0	0	0	0	0	0	0	0	0	0	0	0	0	0	0	0.0016	0	0	0	0	0	0	0	0.0011	0	0	0	0.00978
g__Atopobium	2|201174|84998|84999|1643824|1380	0.5927	0.22962	0.71102	0.04022	0.00407	0.15467	0.31407	0.73874	0.6601	0.26952	0.70075	0.21119	0.09682	0.32206	0.11946	0.42533	0.07261	0.64477	0.09799	0.06584	0.61945	0.89487	0.02706	0.01206	0.53799	0.60957	0.66441	0.19488	0.05511	0.58762	0.42832	0.44698	0.57099	0.35559	0.12878	0.0891	0.06418	0.07946	0.51013	0.06125	0.20571	0.0541	0.03577	0.50944	0.29217	0.21538	0.11481	0.84992	0.29362	0.11455	0.71185	1.3916	0.35258	0.03263	0.25615	0.1623	0.86145	0.30138	0.06319	0.00912	0.1549	0.19992	0.06332	0.37242	0.01608	0.04939
g__Olsenella	2|201174|84998|84999|1643824|133925	0	0	0	0	0	0	0	0	0	0	0	0.01274	0	0	0	0	0	0	0	0	0	0	0	0	0	0	0	0	0	0	0	0	0	0	0	0	0	0	0	0	0	0	0	0	0	0	0	0	0	0	0	0	0	0	0	0	0	0	0	0	0	0	0	0	0	0
g__Slackia	2|201174|84998|1643822|1643826|84108	0.00225	0	0	0	0	0	0	0.01244	0	0.00071	0	0	0	0	0	0.00015	0	0	0	0	0.00058	0	0	0	0.00023	0	0.00017	0	0	0	0	0	0	0	0	0	0	0	0	0	0	0	0	0	0	0	0	0	0	0	0	0	0	0	0	0	0.00027	0.00121	0	0	0	0	0	0	0	0
g__Bacteroidetes_unclassified	2|976||||	0.00289	0	0	0.01414	0	0	0	0	0	0	0	0.04125	0	0	0	0	0.01907	0	0	0.00366	0	0.00174	0.04126	0	0	0	0	0	0	0	0	0	0	0.03007	0.01561	0.02698	0.05604	0.0515	0.00313	0	0.0017	0.00886	0	0	0	0.00563	0.00055	0	0	0	0	0	0	0.00329	0	0.00806	0	0.0181	0	0	0	0.03226	0.01014	0	0.00017	0.01331
g__Bacteroides	2|976|200643|171549|815|816	0.00713	0	0	0	0	0.00695	0.00477	0.00473	0	0	0	0.00892	0	0	0	0	0	0	0	0	0	4e-05	0.00093	0.0036	0	0	0.00076	0	0	0	0	0	0	0.00831	0.00482	0	0	0	0.05645	0	0	0	0	0	0	0	0	0	0	0	0.00049	0.01602	0	0	0	0	0	0	0	0	0.05933	0.00232	0	0	0.00206	0.00174
g__Barnesiella	2|976|200643|171549|2005519|397864	0	0	0	0	0	0	0	0	0	0	0	0	0	0	0	0	0	0	0	0	0	0	0	0	0	0	0	0	0	0	0	0	0	0	0	0	0	0	0.00054	0	0	0	0	0	0	0	0	0	0	0	0	0	0	0	0	0	0	0	0	0	0	0	0	0	0	0
g__Odoribacter	2|976|200643|171549|1853231|283168	0	0	0	0	0	0	0	0	0	0	0	0	0	0	0	0	0	0	0	0	0	0	0	0	0	0	0	0	0	0	0	0	0	0	0	0	0	0	0	0	0	0	0	0	0	0	0	0	0	0	0	0	0	0	0	0	0	0	0	0	0.0009	0	0	0	0	0
g__Porphyromonas	2|976|200643|171549|171551|836	0.02294	0.5508	0.05656	3.7976	4.69652	2.78149	0.39096	0	0.07581	0.01378	0.07382	2.40658	1.06914	0.00662	9.30976	2.93932	8.42271	0.08449	0.5818	0.53721	0.17512	0.02781	4.49926	4.63431	0.23816	0.03472	0.32499	0.22886	0.84043	0.02132	0	1.87551	0.00171	0.62509	0.18774	1.89126	0.09851	0.09302	0.08472	10.72011	0	7.73184	1.52419	0.51895	0.08004	7.56074	0.11012	0.01317	4.71098	0.00845	0	0.02012	0.01646	5.76599	0.0303	2.10658	0.14015	1.3047	1.05476	8.92134	0.23746	0.04411	16.27817	2.19502	1.42213	1.39357
g__Alloprevotella	2|976|200643|171549|171552|1283313	0.09073	0.08866	0.01451	0.03872	0	0	0.01061	0.44967	0.0121	0.01378	0.00067	0.17213	0.00921	0.13461	0.71035	0.9974	0.453	0.30328	0.0029	0.00091	0.10168	0.01449	0.08672	0.01367	1.26393	0.0305	0.00505	0.19694	0.00351	0.05442	0	2.17419	0.00462	0.11894	0.02551	0.23716	0.00275	0.00326	0.00116	0.17348	0.00616	0.05579	0.00682	0.029	5e-05	0.77392	0.00111	0	0.21078	0.0108	0.23168	0.0914	0.00322	0.08212	0.01931	0.01777	0.05167	0.5347	0	0.15213	0.04224	0	0.39333	0.3256	0	0.01651
g__Prevotella	2|976|200643|171549|171552|838	18.53337	11.98022	15.21762	11.61398	1.35793	12.2587	19.16242	18.86223	14.71252	12.22901	14.64542	9.57076	5.3736	15.14573	16.31047	10.44446	3.60276	16.5441	14.34452	25.08255	19.3648	27.29226	1.32114	3.13087	21.32402	13.96275	15.96683	16.84913	10.78337	23.35412	38.6374	16.31401	24.37399	18.49767	5.21537	6.07612	0.79268	0.85276	8.34968	8.84186	7.17321	3.49943	4.99802	9.07165	15.79171	17.58519	3.2078	4.70105	6.23739	3.71732	12.10482	22.36259	18.77866	1.44888	16.45743	5.87585	23.88266	27.11699	3.79693	4.76176	6.53737	8.54525	5.18783	16.74691	2.9803	2.97547
g__Alistipes	2|976|200643|171549|171550|239759	0.00232	0	0	0	0	0	0.00053	0	0	0	0	0	0	0	0	0	0	0	0	0	0	0	0	0	0	0	0	0	0	0	0	0.0032	0	0	0	0	0	0	0.00036	0	0	0	0	0	0	0	0	0	0	0	0	0.00087	0	0	0	0	0	0	0	0	0.01201	0	0	0	0	0
g__Parabacteroides	2|976|200643|171549|2005525|375288	0	0	0	0	0	0	0	0	0	0	0	0	0	0	0	0	0	0	0	0	0	0	0	0	0	0	0	0	0	0	0	0.00044	0	0	0	0	0	0	0.00071	0	0	0	0	0	0	0	0	0	0	0	0	0	0	0	0	0	0	0	0	0	0	0	0	0	0	0
g__Tannerella	2|976|200643|171549|2005525|195950	0.00219	0.02575	0	0.05706	0.00443	0.0359	0	0	0.00192	0.01302	0	0.37458	0.02185	0	0.02643	1.63252	0.19193	1.04181	0.0037	0	1.19744	0.02517	0.03205	0.01722	2.0017	0.00228	0.00843	0.00183	0.00013	0.00464	0	2.32489	0	0.02902	0.01309	0.00877	0.00099	0.00078	0.02458	0.0255	0	0.00351	0.00376	0.00339	0.61622	0.52655	0.00235	0.01283	1.32854	0.00198	0	0.21523	0	0.04413	0.00336	0.70419	0.05266	0.9965	0	0.00996	0	0.01457	0	0.75236	0	0.0112
g__Capnocytophaga	2|976|117743|200644|49546|1016	0.02868	0	0.00387	0.40136	0.27246	0.12184	0.00672	0.00469	0.14741	0.04551	0	0.1446	0.28444	0.01622	0.27584	2.70058	3.00271	0.40668	0.09269	0.03575	0.11401	0.10796	0.31147	2.42449	0.16815	0.12049	0.14543	0.05052	0.04519	0.02593	0.00165	0.58171	0.04675	0.21314	0.14195	0.2317	0.21701	0.22491	1.18259	0.51838	0.00677	1.07625	0.31049	0.02079	0.14416	3.69561	0.06921	0.13362	5.48573	0.05178	0.00055	0.03333	0.07066	2.21604	0.03069	1.80311	0.05962	0.31093	0.17819	0.62108	0.06347	0.17569	0.15253	0.5986	0.65507	0.17411
g__Cloacibacterium	2|976|117743|200644|49546|501783	0	0	0	0	0	0	0	0	0	0	0	0.00069	0	0	0	0	0	0	0	0	0	0	0	0	0	0	0	0	0	0	0	0	0	0	0	0	0	0	0	0	0	0	0	0	0	0	0	0	0	0	0.0025	0	0	0	0	0	0	0	0	0	0	0	0	0	0	0
g__Gemella	2|1239|91061|1385||1378	0.81176	0.57013	0.42462	1.48457	0.39207	3.37527	0.77234	0.07333	1.64005	2.08774	0.90587	7.92972	2.27292	0.26415	4.28251	0.75438	1.75448	0.56662	1.39437	4.65141	0.99378	0.95933	2.85868	4.29155	0.28874	1.55842	2.71656	0.84521	1.19134	0.62859	0.70305	1.46212	0.57424	1.11977	0.93848	6.54413	7.99234	8.76978	0.88759	2.18583	0.39827	3.5731	0.66722	2.79057	0.31878	2.28258	5.5705	2.09651	3.26202	3.60073	0.03789	0.46577	0.64701	5.43928	4.24131	6.74455	1.52912	1.49785	2.76879	3.09359	3.33795	0.70835	6.00485	1.36975	4.26315	7.40943
g__Staphylococcus	2|1239|91061|1385|90964|1279	0	0	0	0	0	0	0	0	0	0	0	0	0	0	0	0	0	0	0	0	0	0	0	0	0	0	0.11878	0	0	0	0	0	0	0	0	0.09236	0	0	0	0	0	0	0	0	0	0	0	0	0	0	0	0	0	0	0	0	0	0	0	0	0	0	0	0	0	0
g__Abiotrophia	2|1239|91061|186826|186827|46123	0	0	0	0	0	0.00053	0	0	0	0.00023	0	0	0.01473	0	0.00639	0	0	0.0001	0	0	0.00445	0.0029	0.09453	0.00541	0	0	0.00268	0.00402	0	0	0	0.02087	0	0.02124	0.00207	0.46839	0.00788	0.00625	0	0	0	0.002	0	0	0	0	0	0.00271	0	0.00112	0	0.00628	0.0025	0.00688	0	0	0	0.00176	0	0	0.01012	0.00876	0.00852	0.00844	0.02486	0.03347
g__Granulicatella	2|1239|91061|186826|186828|117563	0.0271	0.04841	0.05796	0.0264	0.0331	0.03805	0.03771	0.01835	0.06831	0.05598	0.11198	0.13294	0.1246	0.08566	0.19939	0.0744	0.04244	0.04071	0.07222	0.19267	0.01294	0.11408	0.17355	0.10199	0.0161	0.24059	0.11556	0.05657	0.0537	0.06017	0.04833	0.05474	0.0621	0.15521	0.23657	0.21757	0.23072	0.24538	0.14148	0.07867	0.05662	0.11199	0.01619	0.11014	0.01624	0.13043	0.09143	0.07788	0.02737	0.15099	0.03244	0.02004	0.14274	0.10031	0.18001	0.06411	0.13755	0.03163	0.11214	0.03856	0.23268	0.13864	0.21978	0.05247	0.1586	0.20113
g__Lactobacillus	2|1239|91061|186826|33958|1578	0	0	0	0	0	0	0	0	0	0	0	0	0	0	0	0	0	0	0	0	0	0	0	0	0	0.05395	0	0	0	0	0	0	0	0	0	0	0	0	0	0	0	0	0	0	0	0	0	0	0	0	0	0	0	0.00151	0	0	0	0	0	0	0	0	0	0	0	0
g__Lactococcus	2|1239|91061|186826|1300|1357	0	0	0	0	0	0	0	0	0	0	0.00464	0	0	0	0	0	0	0	0	0	0	0	0	0	0.00741	0	0	0	0	0.02432	0	0	0	0	0	0	0	0	0	0	0	0	0	0	0	0	0	0	0	0	0	0	0	0	0	0	0.00407	0	0	0	0	0	0	0	0	0
g__Streptococcus	2|1239|91061|186826|1300|1301	9.85222	17.30685	28.5816	11.01975	7.90348	10.63606	17.9064	12.47918	21.60493	11.67938	34.66484	24.71992	21.75342	37.90026	9.32933	9.48503	4.99005	9.71949	12.07434	25.7895	3.27888	13.67634	7.08491	11.6545	8.7396	31.04766	28.02157	10.9196	17.97713	11.03523	14.10097	7.97297	14.38098	11.62187	13.40071	28.26642	40.93679	43.16942	20.76078	6.67829	15.53894	17.25347	4.56834	24.03136	4.89973	5.77965	23.3911	63.62744	3.91032	55.43882	37.36644	16.35446	16.59114	13.43023	19.10136	13.40534	16.96175	8.1565	42.86675	7.57036	31.23818	57.26877	15.82284	7.86319	22.038	34.08519
g__Clostridiales_Family_XIII_Incertae_Sedis_unclassified	2|1239|186801|186802|543314|	0.77696	0.64486	0.12533	0.70806	0	0.26103	0.80032	0.00472	0.3531	1.65463	0.20968	1.71089	0.22649	0.37441	0.28932	2.00563	0.61596	0.87413	1.66321	0.1856	3.13667	0.45285	0.28299	0.14892	0.73277	0.017	0.61057	0.53259	0.05691	2.12182	0	4.61062	0.17045	1.21022	0.09772	0.11752	0.00445	0.00507	1.23137	0.0529	0.09082	0.14663	0.42131	0.7281	0.65742	1.78892	0.72935	0.08254	1.26349	0.016	0.0097	2.39328	0.35097	0.10577	0.17072	0.7217	2.50102	2.34948	0.07279	0.31587	0.37041	0.02393	0.31917	0.83135	0.20832	0.30167
g__Mogibacterium	2|1239|186801|186802|543314|86331	1.29751	0.48653	0.35149	0.13348	0	0.27119	0.90775	0.36882	0.63756	2.26779	0.52385	1.01679	0.09787	0.03384	0.19409	1.23178	0.27147	1.15041	0.56159	0.13236	2.55798	0.76066	0.00888	0.02874	0.64054	0.25157	0.4295	0.84817	0.02783	1.52155	0.35637	1.24437	1.05441	0.51069	0.05512	0.54949	0.02462	0.02118	0.62256	0.06091	0.20298	0.14744	0.1667	0.67899	0.70921	1.00874	0.41163	0.14028	1.26461	0.17677	0.12475	1.52852	0.49943	0.04076	0.68553	0.47986	1.53148	1.01941	0.22792	0.00802	0.21978	0.1115	0.15699	0.6748	0.13696	0.10622
g__Blautia	2|1239|186801|186802|186803|572511	0	0	0	0	0	0	0	0	0	0	0	0	0	0	0	0	0	0	0	0	0	0	0	0	0	0	0	0	0	0	0	0	0	0.00081	0	0	0	0	0	0	0	0	0	0	0	0	0	0	0	0	0	0	0	0	0	0	0	0	0	0	0	0	0	0	0	0
g__Butyrivibrio	2|1239|186801|186802|186803|830	0	0	0	0	0	0	0	0	0	0	0	0	0	0	0	0	0	0	0	0	0	0	0	0	0	0	0	0	0	0	0	0	0	0.00021	0	0	0	0	0	0	0	0	0	0	0	0	0	0	0	0	0	0	0	0	0	0	0	0	0	0	0.05842	0	0	0	0	0
g__Catonella	2|1239|186801|186802|186803|43996	0	0	0	0.00423	0	0	0	0	0	0	0	0.00502	0	0	0	0	0	0	0	0	0	0.00025	0.00403	0	0	0.00067	0	0	0	0	0	0	0	0.00224	0.00179	0.0072	0.00403	0.00286	0.00017	0	0	0	0	0	0	0	0	0.00057	0	0	0	0	0	0	0	0.00094	0	0.00111	0	0.00054	0	0.00493	0	0.00038	0	0.00191
g__Johnsonella	2|1239|186801|186802|186803|43994	0	0	0	0	0	0	0	0	0	0	0	0	0	0	0	0	0	0	0	0	0	0	0	0	0	0	0	0	0	0	0	0	0	0	0	0	0.00292	0.00249	0	0	0	0	0	0	0	0	0	0	0	0	0	0	0	0	0	0	0	0	0	0	0	0	0	0	0	0.0081
g__Lachnoanaerobaculum	2|1239|186801|186802|186803|1164882	0.63756	0.36992	1.03064	0.00262	0.00743	0.09792	0.92821	1.05914	0.85039	0.21532	0.5375	0.13193	0.09652	0.80788	0.01137	0.95048	0.6633	0.38419	0.75877	0.00455	0.67613	1.27767	0.01494	0.00776	1.11058	0.29156	0.29705	0.33987	0.13933	1.03053	0.27169	1.7428	1.33673	0.33725	0.17866	0.10578	0.00924	0.00978	1.41233	0.30834	0.21229	0.00424	0.0977	0.484	0.21362	0.32462	0.08937	0.04812	0.63815	0.12409	0.61601	0.7773	1.13086	0.16482	0.20506	0.33978	0.91702	0.98287	0.00579	0.00055	0.10946	0.44208	0.01148	1.39822	0.02466	0.05175
g__Lachnospiraceae_unclassified	2|1239|186801|186802|186803|	0.36487	1.20982	0.75017	0.01049	0	0	1.9146	2.57861	0.32527	0.99992	0.43615	0.95236	0.57117	1.36463	0.00275	4.43242	1.16323	0	0.15143	0	16.79195	4.71107	0.00246	0.1656	6.9184	0.1786	0.79516	0.95646	0.34333	3.31332	0	2.54011	0	0.48386	0.3735	0.01516	0	0	4.24322	0.05797	0.22798	0	0	1.61444	0	3.77235	0.21233	0	2.01483	0.23604	8.21288	0	1.53756	0.05703	0	5.48855	1.82931	6.39634	0.01757	0	0	0.36908	0.02785	13.03958	0.01001	0.39561
g__Oribacterium	2|1239|186801|186802|186803|265975	0.94678	1.3282	0.5272	1.31996	0.85076	0.53591	0.50413	0.24982	1.82373	1.08536	0.67108	2.80295	1.0766	2.52576	0.60511	1.45327	0.85914	1.56444	2.56643	0.51769	0.9057	0.93641	0.2158	1.58718	1.56582	0.19482	1.60749	0.75965	0.94236	1.10859	0.67175	1.89994	2.80065	1.50388	0.82753	0.36577	0.36113	0.39811	0.73242	0.34507	0.81709	0.93418	2.18897	2.86733	0.76804	0.82988	0.98475	0.41362	1.40906	0.76464	0.20987	2.77303	1.5737	0.49521	1.95301	1.83808	1.31278	1.56447	0.92623	0.52774	4.58496	0.11004	0.93345	2.27136	0.35213	1.42736
g__Shuttleworthia	2|1239|186801|186802|186803|177971	0	0	0	0	0	0	0	0	0	0	0	0	0	0	0	0	0	0	0	0	0	0	0	0	0	0	0	0	0	0	0	0	0	0.002	0	0	0	0	0	0	0	0	0	0	0	0	0	0	0	0	0	0	0	0	0	0	0	0	0	0	0	0	0	0	0	0
g__Stomatobaculum	2|1239|186801|186802|186803|1213720	2.02058	1.68084	0.85486	0.00168	0	0.03275	1.76745	1.06029	0.30879	0.07688	0.38118	0.13903	0.03962	0.53762	0.00969	0.09892	0.05566	0.35143	0.1136	0.00866	0.80936	0.55927	0.00604	0.02723	1.48166	0.27047	0.15199	0.29602	0.06071	1.00779	0.74501	0.29506	1.38859	0.08022	0.04496	0.03184	0.00755	0.00653	0.27317	0.00171	0.15985	0.03378	0.02217	1.47419	0.83517	0.06741	0.027	0.01326	0.09424	0.27409	0.40445	0.06964	1.54122	0.03813	0.28532	0.06864	0.63753	0.24555	0.03716	0.01249	0.09313	0.03596	0.00552	0.03294	0.00467	0.05678
g__Filifactor	2|1239|186801|186802|186804|44259	0	0	0	0	0	0	0	0	0	0.00439	0	0.02769	0	0	0	0	0	0	0	0.00405	0	0.00431	0	0	0	0.00162	0	0	0	0	0	0	0	0	0.00328	0.00727	0	0	0	0	0	0	0	0	0	0	0	0	0.00755	0	0	0	0	0	0	0.00634	0.00099	0.00365	0	0	0	0	0	0	0	0
g__Peptoanaerobacter	2|1239|186801|186802|186804|1913599	0	0	0	0	0	0	0	0	0	0	0	0.00442	0	0	0	0	0	0	0	0	0	0	0.01339	0	0	0	0	0	0	0	0	0.00143	0	0.00043	0	0.00475	0	0	0	0	0	0.00101	0	0	0	0	0	0	0	0	0	0	0	0	0	0	0	0.00407	0	0	0	0.00014	0	0	0	0.00092
g__Peptostreptococcus	2|1239|186801|186802|186804|1257	0.00798	0.0058	0.00119	0.00686	0	0.00238	0.00044	0	0	0.01375	0	0.02361	0.00048	0	0.03799	0.0044	0.01626	0.00295	0.02352	0.00997	0.00296	0.00278	0.02323	0.00071	0.00186	0	0.00042	0.0015	7e-05	0.00264	0	0.00626	0.00185	0.01232	0.00044	0.01082	0	0	0.01078	0.00848	7e-05	0.00805	0.00238	0.00677	0.00042	0.02041	0.00312	0	0.02616	0.00022	0	0.0032	0.00191	0.00707	0.00617	0.00398	0.02222	0.01176	0.0003	0.01839	0.00136	0	0.0092	0.01677	0.00432	0.00154
g__Faecalibacterium	2|1239|186801|186802|541000|216851	0.00057	0	0	0	0	0.00101	0	0.00047	0	0	0	0	0	0	0	0	0	0	0	0	0	0	0	0	0	0	0	0	0	0	0	0	0	0.00258	0	0	0	0	0.00022	0	0	0	0	0	0	0	0	0	0	0	0	0.00061	0	0	0	0	0	0	0	0	0.00168	0	0	0	0	0
g__Ruminococcus	2|1239|186801|186802|541000|1263	0	0	0	0	0	0	0	0	0	0	0	0	0	0	0	0	0	0	0	0	0	0	0	0	0	0	0	0	0	0	0	0	0	0.0114	0	0	0	0	0.00015	0	0	0	0	0	0	0	0	0	0	0	0	0.00014	0	0	0	0	0	0	0	0	0	0	0	0	0	0
g__Bulleidia	2|1239|526524|526525|128827|118747	0.01109	0.00362	0.00135	0.00248	0	0	0	0	0.00139	0.00681	0	0.0353	0.00091	0	0	0.00886	0.00517	0	0.00188	0.00271	0.0024	0.04918	0	0	0.00259	0.01094	0.00254	0	0	0.00193	0	0.02536	0.00034	0.00966	0.00842	0.00066	0	0	0.0006	0.00293	0.00185	0.00026	0	0.00026	0.00013	0.03337	0	0.00104	0.01908	0	0	0.00151	0.00077	0.00292	0.00476	0.01013	0.06275	0	0.0006	0.00155	0.00077	0.00143	0.00133	0	0.00105	0.00119
g__Solobacterium	2|1239|526524|526525|128827|123375	0.15651	0.11383	0.08751	0.04311	0	0.02869	0.13685	0.15609	0.20213	0.20432	0.06978	0.09587	0.08827	0.28189	0.08533	0.24917	0.05816	0.14851	0.14605	0.07349	0.52092	0.51182	0.02797	0.03399	0.40984	0.0964	0.04184	0.18924	0.03481	0.21337	0.16301	0.19451	0.15627	0.23963	0.03261	0.01739	0.00136	0.00251	0.44766	0.09009	0.0393	0.05993	0.08342	0.1824	0.09253	0.14848	0.10798	0.03748	0.10679	0.03198	0.05502	0.09461	0.43152	0.02452	0.30813	0.1631	0.29602	0.38073	0.00409	0.21668	0.05142	0.00631	0.09175	0.2476	0.008	0.06278
g__Centipeda	2|1239|909932|909929|1843491|82202	0	0	0	0	0	0	0	0	0	0	0	0	0	0	0	0	0.00278	0	0	0	0	0.002	0	0	0.00398	0	0	0	0	0	0	0.02204	0	0	0	0	0	0	0	0	0	0	0	0.00073	0.00227	0	0	0	0	0	0	0	0	0	0	0	0	0	0	0	0	0	0	0.00017	0	0
g__Selenomonas	2|1239|909932|909929|1843491|970	0.02443	0.0192	0.00709	0	0	0	0.01311	0.18969	0.02448	0.02508	0.00981	0.01994	0.00433	0.03214	0	0.01935	0.06638	0.11087	0.00363	0	0.10295	0.05095	0.00332	0	0.09454	0.00106	0.00889	0.02218	0.00784	0.04539	0.0459	0.32217	0.07914	0.0112	0.00364	0	0.00033	0	0.05209	0.00069	0.02903	0	0.00522	0.02903	0.06465	0.07078	0.00023	0.00183	0.01976	0.00422	0.10359	0.02388	0.07088	0	0.00122	0.11681	0.05154	0.20528	0	0	0.00185	0.01768	0.00029	0.00887	0	0.00613
g__Anaeroglobus	2|1239|909932|1843489|31977|156454	0	0	0	0	0	0	0	0	0	0	0	0	0	0	0	0	0	0	0	0	0	0	0	0	0	0	0	0	0	0	0	0	0.00012	0.00919	0	0	0	0	0	0	0	0	0	0	0	0	0	0	0	0	0	0	0	0	0	0	0	0	0	0	0	0	0	0	0	0
g__Dialister	2|1239|909932|1843489|31977|39948	0	0	0.00147	0	0	0	0	0	0.00121	0.00493	0	0.00694	0	0	0.0031	0.00148	0	0.00318	0	0	6e-05	0.06267	0.00023	0	0.11827	0.03312	0.00569	0	0	9e-05	0.13326	0.02662	0	0.01826	0.00481	0.00154	0.00155	0	0	0.00484	0	0	0	0.01032	0.00248	0.01772	0	0.00018	0.00063	0	0	0	0.00098	0	0.06638	0	0.01133	0.00033	0	0	0	0	0	0	0	0
g__Megasphaera	2|1239|909932|1843489|31977|906	1.92085	1.116	1.51545	0.01924	0.009	0.28936	1.20112	2.83599	0.78221	2.11849	1.09399	0.12997	0.1024	1.98751	0.07203	1.21375	0.03877	1.30034	0.22197	0.02096	1.98433	2.15572	0.00081	0	4.09002	1.17162	0.7964	0.66967	0.06545	1.46936	3.55027	2.38196	1.82672	0.52825	0.22524	0.08028	0.0133	0.01209	0.54611	0.06563	0.2115	0	0.11325	1.68064	1.98445	1.07869	0.05996	0.01106	1.05026	0.15626	0.75475	5.364	2.62552	0.00046	1.65058	0.24677	2.56584	1.37105	0.13017	0	0.11151	0.38345	0.00101	0.5176	0.01297	0.05138
g__Veillonella	2|1239|909932|1843489|31977|29465	10.58333	7.20372	12.78783	3.98865	3.10425	4.49048	16.81046	14.6697	26.48887	26.7208	13.65198	8.49046	7.07639	12.09011	5.25606	13.8428	8.45294	14.80779	16.7654	8.61332	11.87499	23.08257	1.53674	2.23996	17.49856	24.3809	13.89304	10.94173	10.8303	19.31379	25.38117	17.17617	24.25216	14.14947	7.82279	6.31333	5.02423	5.01287	14.22162	6.96926	11.72076	13.64206	3.20945	20.72321	17.78768	6.6096	5.5003	14.64935	5.84933	9.37044	25.65836	20.09569	22.24576	3.58469	29.61349	6.43156	18.57873	11.44622	4.97188	1.95266	9.93371	13.51516	4.94932	10.14382	7.55911	5.85757
g__Parvimonas	2|1239|1737404|1737405|1570339|543311	0.00556	0.00232	0	0.00036	0	0.00018	0	0	0.0001	0.00439	0	0.05081	0	0	0.04668	0.00575	0.01429	8e-05	0.00071	0.0128	0.0043	0.0142	0.01249	0.00018	0.00122	0.01101	0.03021	0	0	0.00289	0	0.00667	0.01098	0.00197	0.00919	0.02794	0.01453	0.01771	0	0.01047	0.00114	0.01075	0.00224	0	0	0.02935	0.0038	0.02119	0.01743	0.00065	0	0	0.00606	0.0053	0.00417	0.00819	0.0072	0.01109	0.00109	0.00789	0.01065	0.01025	0.02895	0.01316	0.00666	0.00681
g__Peptoniphilus	2|1239|1737404|1737405|1570339|162289	0	0	0	0	0	0	0	0	0	0	0	0	0	0	0	0	0.00081	0	0	0	0	0	0	0	0	0	0	0	0	0	0	0	0	0	0	0	0	0	0	0	0	0	0	0	0	0	0	0	0	0	0	0	0	0	0	0	0	0	0	0	0	0	0	0	0	0
g__Fusobacterium	2|32066|203490|203491|203492|848	0.79598	0.8683	0.30082	4.40578	1.7122	4.01174	0.52466	0.03469	1.61219	8.80382	0.27705	5.42276	1.8738	0.46098	11.44221	10.25653	16.61847	8.90613	9.24172	9.99634	13.80413	2.33048	9.74706	9.63066	6.25962	0.17277	2.35036	3.84402	0.67745	3.00647	0.48578	9.12936	3.2123	6.68817	0.49044	6.03285	1.66003	1.72044	11.0596	5.71295	0.49239	5.14687	3.36888	1.86921	4.55331	13.52211	10.34269	0.17386	21.18967	0.18935	0.01065	4.45236	0.42182	7.33315	10.4124	15.33108	6.8591	4.76665	2.01966	4.77842	2.33916	0.11234	13.15585	14.18427	7.95517	3.79146
g__Leptotrichia	2|32066|203490|203491|1129771|32067	0.17931	0.3934	0.77016	0.18267	0.02969	0.41732	0.71141	3.2871	0.37702	4.25599	0.22764	0.62943	0.42655	0.01072	0.41468	4.00119	1.75137	1.40465	0.52686	0.43447	11.37261	3.2934	0.50204	1.63047	5.12493	0.77373	0.29187	0.95534	0.52307	3.56788	1.19384	3.4792	3.15926	1.05675	0.37396	0.3616	0.05163	0.066	2.48562	0.27862	0.55864	0.44689	0.14669	0.57243	2.82375	4.17831	0.16692	0.30915	2.67767	0.10389	2.68714	2.02985	4.31294	0.61363	0.33347	1.20953	1.98166	2.27702	0.01039	0.44707	0.34304	0.30465	0.5099	2.33038	0.32957	0.40883
g__Lautropia	2|1224|28216|80840|119060|47670	0.02328	0.11305	0.01123	0.0353	0.04551	0.02041	0.0202	0.01629	0.00157	0.0083	0	0.11045	0.02634	0	0.0073	8e-05	0.0001	0	0	0	0	0	0.58867	0.00217	0.00494	0.0015	0.02115	0	0.00215	0	0	0	0.00243	0.05226	0.08465	0.05982	0	0	0.01196	0	0.0097	0.00524	0	0	0.00221	0.00473	0.00261	0.00332	0.0222	0.0144	0	0.00138	0	0.09283	0	0.00451	0.00082	0.01057	0.00619	0.00436	0.15523	0.02548	0.00809	0.01841	0.0146	0.04508
g__Ottowia	2|1224|28216|80840|80864|219181	0	0	0	0	0.00191	0	0	0	0	0	0	0	0	0	0	0	0	0.00043	0	0	0	0	0	0	0	0	0	0	0	0	0	0	0	0	0	0	0	0	0	0	0	0	0	0	0	0	0	0	0	0	0	0	0	0	0	0	0	0	0	0	0	0	0	0	0	0
g__Eikenella	2|1224|28216|206351|481|538	0	0	0	0.00295	0	0	0	0	0	0	0	0	0.00029	0	0.01582	0.01342	0	0	0.00027	0.00114	0.00095	0	0.00392	0.12969	0.00778	0.00527	0.00073	0	0	0	0	0.00633	0	0.00068	0.00149	0.02586	0.00253	0.00173	0	0	0	0.07676	0.00106	0	0	0.16354	0	0.00415	0.09469	0	0	0	0	0.02084	0	0.00342	0	0	0	0.19143	0	0.00664	0	0	0	0
g__Kingella	2|1224|28216|206351|481|32257	0	0	0	0	0	0.00036	0.00096	0.00043	0.00049	0	0	0.00448	0.03005	0.001	0	0	0	0.00776	0	0	0	0.00043	0	0.05857	0.00107	0.00536	0.02016	0.00664	0.0002	0	0	0.00103	0	0	0.01817	0.05323	0.0325	0.02348	0	0	0.00223	0	0.00571	0	0.00045	0	0	0.00412	0	0.00179	0	0	0	0.04359	0	0.00016	0	0	0	0.00508	0	0.01454	0	0	0.02799	0.00105
g__Morococcus	2|1224|28216|206351|481|212742	0	0	0	0.0098	0	0	0	0	0	0	0	0	0.00421	0	0	0	0	0	0	0	0	0	3.81248	0	0	0	0.04332	0.01584	0.00381	0	0	0	0	0.00851	1.40888	0	0	0	0.00248	0.02518	0	0	0	0	0	0	0	0	0	0	0	0	0	0	0	0	0	0.00321	0	0	0	0	0	0	0.00354	0.06683
g__Neisseria	2|1224|28216|206351|481|482	0.80479	7.10073	2.99863	25.21615	62.03146	30.96893	2.25647	1.19206	0.25041	0.7787	0.06161	3.82615	29.12175	3.81652	15.52451	12.76883	16.03322	20.15007	16.53689	0.64395	0.11028	0.75233	42.46775	39.59086	2.54046	0.02962	6.02054	34.57033	42.58322	1.96654	0.3555	5.83384	2.26915	12.46896	47.13288	4.56191	0.65178	0.52281	5.0851	36.45079	39.33603	17.67521	65.16986	4.08515	22.02351	10.43205	19.09151	0.08422	14.40592	0.6214	2.63561	0.04953	1.17562	5.32682	0	15.75503	1.87555	13.78785	0.78248	47.90642	10.01824	0.12813	7.79433	8.35492	18.90853	19.54083
g__Simonsiella	2|1224|28216|206351|481|71	0	0	0	0	0	0	0	0	0	0	0	0	0	0	0	0	0	0	0	0	0.00357	0	0	0	0.00519	0	0	0	0	0	0	0	0	0	0	0	0	0	0	0.01043	0	0	0	0	0	0.01587	0	0	0	0	0	0	0	0.00919	0	0.03866	0	0	0	0	0	0	0	0	0	0
g__Campylobacter	2|1224|29547|213849|72294|194	2.7827	1.50111	1.41639	0.96873	0.96742	1.15731	1.76567	6.59953	7.82436	5.36589	1.73301	2.7749	3.09966	3.00163	0.35406	3.62986	1.31528	3.46562	5.70142	0.38873	3.84604	6.35506	0.27714	1.58338	3.51138	1.00392	3.22473	2.5626	2.74075	4.90693	4.66225	3.98538	8.25406	1.84022	2.31489	0.50086	0.26335	0.22845	9.51829	0.89602	4.79168	2.34414	2.77079	7.16981	4.85883	4.66138	1.56951	0.86992	4.24713	1.7741	1.61058	2.34328	8.16725	0.27582	3.84579	4.1568	5.20928	3.73062	1.00197	0.61212	5.53995	1.17757	0.6415	1.69445	0.64449	1.69774
g__Helicobacter	2|1224|29547|213849|72293|209	0	0	0	0	0	0	0	0	0	0	0	0	0	0	0	0	0	0	0	0	0	0	0	0	0	0	0	0	0	0	0	0	0	0	0	0.41326	0	0	0	0	0	0	0	0	0	0	0	0	0	0	0	0	0	0	0	0	0	0	0	0	0	0	0	0	0	0
g__Cardiobacterium	2|1224|1236|135615|868|2717	0.00339	0	0	0.09138	0.00525	0.00188	0	0	0	0	0	0.01031	0.00188	0	0.00445	0	0	0	0	0	0	0	0.02049	0.0011	0.00011	0.01164	0.00336	0.00125	0.0039	0	0	0.00326	0	0.00601	0.00323	0.03058	0.00093	0.00142	0	0	0	0.0018	0.0015	0	0.00117	0.00276	0	0.00143	0	0	0	0	0	0.00857	0	0.00037	0	0.00301	0	0	0.00062	0.01544	0	0	0.00452	0.00547
g__Escherichia	2|1224|1236|91347|543|561	0	0	0	0	0	0	0	0	0	0	0	0	0	0	0	0	0	0	0	0	0	0	0	0	0	0	0	0	0	0	0	0	0	0	0	0.00179	0	0	0	0	0	0	0	0	0	0	0	0	0	0	0	0	0	0	0	0	0	0	0	0	0	0	0	0	0	0
g__Aggregatibacter	2|1224|1236|135625|712|416916	0.02954	0	0	0.36804	0.02566	0.01506	0	0	0.01028	0.01962	0	0.03826	0.02175	0	0.04278	0.01755	0.0293	0.00168	0.02501	0.01005	0.00448	0.01862	0.43176	0.02321	0.00836	0.10744	0.019	0.00596	0	0.00246	0	0.02554	0.0043	0.08443	0.17523	0.12384	0.00604	0.00515	0.01018	0.01459	0	0.00623	0.00701	0	0.00042	0.04986	0.00504	0.03663	0.00941	0.02488	0	0	0.00352	0.04939	0	0.01507	0.01688	0.00599	0.00061	0.03749	0.1443	0.12431	0.06192	0.00297	0.01138	0.12066
g__Haemophilus	2|1224|1236|135625|712|724	1.66675	0.79331	0.38518	13.31051	8.96795	3.08377	3.76144	0.82645	2.61781	3.03489	0.3554	6.08952	3.25403	0.71325	10.30595	3.39014	24.71891	0.5086	6.38353	15.76721	0.39019	2.24801	17.82825	11.40565	1.57623	0.55697	8.5696	2.46974	3.06174	0.53735	1.5378	0.9306	0.14944	17.51538	5.83239	7.61675	22.52198	22.43483	1.41343	14.92348	7.80284	14.32622	3.10581	2.94626	0.26518	8.4868	6.97159	0.22374	6.86357	0.54884	0.08718	0.27158	0.73762	25.58652	0.50247	9.79842	1.18539	1.47313	15.68707	8.65631	7.50714	1.98254	24.44426	4.72003	27.99453	7.71211
g__Tepidiphilus	2|1224|2008785|119069|206349|203470	0	0	0	0	0	0	0	0	0	0	0	0	0	0	0	0	0	0	0	0	0	0	0	0	0	0	0	0	0	0	0	0	0	0	0	0.01177	0	0	0	0	0	0	0	0	0	0	0	0	0	0	0	0	0	0	0	0	0	0	0	0	0	0	0	0	0	0
g__Treponema	2|203691|203692|136|137|157	0	0.00832	0	0	0	0	0	0	0	0.00613	0	0.21175	0	0	0.00017	0.05353	0.15365	0	0.00614	0	0.06337	0.00588	0.00571	0.01655	0.04175	0.0043	0	0	0	0.00244	0	0.01423	0	0.02169	0.00361	0.02227	0	0	0.00327	0.00555	0.0008	0	0	0.00201	0	0.03573	0.00048	0	0.05146	0.00126	0	0	0.01006	0	0	0.01225	0.00661	0	0	0	0	0.00515	0	0	0	0.01197
g__Fretibacterium	2|508458|649775|649776|649777|1434006	0	0	0	0	0	0	0	0	0	0	0	0.01526	0	0	0	0	0	0	0	0	0	0	0	0	0.00051	0	0	0	0	0	0	0	0	0	0	0.0014	0	0	0	0	0	0	0	0	0	0	0	0	0	0	0	0	0	0	0	0	0	0	0	0	0	0	0	0	0	0
g__Candida	2759|4890|4891|4892|766764|1535326	0	0	0	0	0	0	0	0	0	0	0	0	0	0	0	0	0	0	0	0	0	0	0	0	0	0	0	0	0	0	0.00043	0	0	0	0.00534	0	0	0	0	0	0	0	0	0	0	0	0	0	0	0	0	0	0	0	0	0	0	0	0	0	0	0	0	0	0	0
