clade_name	NCBI_tax_id	SRS055118	SRS050628	SRS050029	SRS050007	SRS048719	SRS045262	SRS045254	SRS045049	SRS043646	SRS042457	SRS023354	SRS022721	SRS022532	SRS022145	SRS020858	SRS020336	SRS019976	SRS019587	SRS019391	SRS019329	SRS019221	SRS018661	SRS018359	SRS018329	SRS018149	SRS017810	SRS017687	SRS017537	SRS017441	SRS017215	SRS017127	SRS017080	SRS017013	SRS016600	SRS016533	SRS016503	SRS016349	SRS016297	SRS016196	SRS016088	SRS016039	SRS015921	SRS015895	SRS015745	SRS015646	SRS015436	SRS015374	SRS015274	SRS015154	SRS015040	SRS014890	SRS014686	SRS014575	SRS014472	SRS014126	SRS013945	SRS013881	SRS013825	SRS013711	SRS013506	SRS013239	SRS012281	SRS011310	SRS011247	SRS011144	SRS011090
g__Actinobaculum	2|201174|1760|2037|2049|76833	0.05009	0.0032	0	0	0	0	0.73383	0.04213	3.01317	0	0	0.01049	0.00486	0	0	0	0	0.0172	0	0.03143	0	0.07991	0.00329	0	0.00078	0.04194	0.12958	0	0.02467	0.01997	0	0.04133	0	0	0	0	0	0	0	0	11.37683	0.15577	0.03276	0.33494	0	0	0	0.02783	0.01758	0.0097	0.00292	0	0	0	0	0.00643	0.01097	0	0	0	0	0	0.07415	0	0	0
g__Actinomyces	2|201174|1760|2037|2049|1654	3.34717	0.91415	2.46049	1.61104	1.93409	0.81036	5.88711	0.97204	2.53577	0.07483	0.58477	0.53872	0.7641	0.09113	0.04453	2.86227	0.28311	1.02199	0	0.727	1.20269	2.14661	0.51946	0.12229	0.10779	1.44905	1.25696	0.69089	0.2061	0.07016	0.76063	2.84097	0.08491	0.88252	1.59199	1.43216	0.442	1.81838	0.62023	2.39346	1.61019	9.61661	2.37194	2.98372	0.00579	0.37321	0.60868	1.46746	3.10093	0.3454	1.05828	6.98461	1.24481	1.01008	0.07952	1.54854	0.69835	0.67608	3.51326	0.11526	0.18603	1.20037	0.31822	0.14298	1.24647	0.34436
g__Bifidobacterium	2|201174|1760|85004|31953|1678	0	0	0	0	0	0	0	0	0	0	0	0	0	0	0	0	0	0	0	0	0	0	0	0	0	0.01099	0	0	0	0	0	0	0	0	0	0	0	0	0	0	0	0	0	0	0	0	0	0	0	0	0	0	0	0	0	0	0	0	0	0	0	0	0	0	0	0
g__Scardovia	2|201174|1760|85004|31953|196081	0	0	0	0	0	0	0.75482	0	0	0	0	0	0	0	0.00958	0	0	0	0	0	0	0	0	0	0	0.01395	0.02341	0	0	0	0	0	0	0	0	0	0	0	0	0	0	0	0	0	0	0	0	0	0	0	0	0.23709	0	0	0	0	0	0.04237	0	0	0.01201	0	0	0	0	0
g__Corynebacterium	2|201174|1760|85007|1653|1716	5.92659	0.57448	0	0.90879	0.06106	0.19052	1.62327	0.99852	0.4039	0	0.02735	1.08006	0.17425	0.02633	0	0.48606	0.03061	0.08684	0	0.00656	0	0.18417	0.01691	0.00547	0.00865	0.15757	2.25315	0	0.13134	0.03139	0.02078	0.63163	0.01262	0.04421	0	0	0.13321	3.02111	0.11981	0.04027	0.58172	0.03662	0	1.52288	0	0.0007	0.07304	0.24295	1.20899	0	1.80393	0.07438	0.44032	0.35489	0	0	0.00552	0.03031	0.07987	0	0.01254	0	0.07342	0.02771	0.1571	0
g__Rothia	2|201174|1760|85006|1268|32207	3.41922	1.10642	4.75036	4.55471	21.27489	1.4173	1.65953	3.19739	1.62129	1.37023	0.64107	0.96718	0.91675	0.5483	0.94329	5.25734	0.7719	10.6887	1.59053	0.73764	5.66709	2.62518	9.01343	0.74673	0.15617	0.77037	2.79471	1.22913	1.29613	0.10716	0.15163	30.33806	2.41802	0.89608	19.20156	17.77947	5.63601	6.20506	4.23438	62.18154	1.61131	14.00282	7.99168	4.59008	0.30104	0.97985	2.58136	8.73061	11.10283	2.56624	2.32917	3.80306	6.67252	2.73669	1.14232	13.72774	1.97694	15.01718	0.51583	0.72241	1.73667	0.64693	0.46316	0.93583	3.30792	0.44962
g__Cutibacterium	2|201174|1760|85009|31957|1912216	0	0.00102	0	1.68148	0	0.00757	0	0	0.17448	0	0	0	0.34523	0.01626	0	0	0	0.00485	0	0.03772	0	0.01785	0.00477	0.00137	0	0.03233	0.03626	0.00678	0	0.00266	0.03753	0.01245	0.0284	0.00368	0	0	0.21673	0	0	0	0	0	0	0	0	0	0.00876	0.11348	0.00505	0	0.04554	0	0	0	0	0	0	0.27536	0.00762	0	0	0.25991	0.00213	0	0.01146	0
g__Pseudopropionibacterium	2|201174|1760|85009|31957|1912217	0.08251	0	0	0	0.00534	0.00026	0.00707	0.03281	0	0	0	0	0	0	0	0	0	0	0	0.04724	0	0.02062	0.01551	0	0	0	0	0	0	0	0	0	0	0	0	0	0	0	0	0	0.00065	0	0	0.00575	0	0	0	0	0.00611	0	0	0	0	0.01623	0	0	0	0	0	0	0	0	0	0	0	0
g__Atopobium	2|201174|84998|84999|1643824|1380	0	0	0	0	0	0	0.79878	0	0.03249	0	0.04404	0	0	0	0.04318	0.04156	0.06561	0.00232	0	0	0	0.07913	0	0.01114	0.00205	0.2018	0.09455	0	0	0.00892	0	0.15556	0.01048	0	0.01646	0.01341	0.12598	0.35948	0	0	0	0.00359	0.00323	0	0	0.01039	0	0.03903	0.0065	0	0	0.78457	0	0	0	0	0	0.12453	0.2627	0	0.02698	0	0	0.0084	0	0
g__Bacteroidetes_unclassified	2|976||||	0	0.02186	0	0	0	0	0	0	0	0.07479	0	0.11726	0	0	0	0	0	0	0	0	0	0.00057	0	0	0.00545	0.10613	0.06074	0	0.00781	0	0	0.01083	0	0	0	0.00575	0.07008	0.25705	0	0	0.0223	0	0	0.02586	0	0.00852	0	0	0.00968	0	0	0	0	0	0	0	0	0.01217	0.01402	0	0	0	0	0	0	0
g__Bacteroides	2|976|200643|171549|815|816	0	0	0	0	0	0	0	0	0	0	0	0	0	0	0	0	0	0	0	0	0	0	0	0.00145	0	0	0.01416	0	0	0	0	0.00178	0.00576	0.31277	0	0	9.90652	0	0	0	0	0	0	0	0	0	0	0	0	0	0	0	0	0	0	0	0	0.2967	0.02967	0	0	0	0	0.02259	0.25401	0
g__Barnesiella	2|976|200643|171549|2005519|397864	0	0	0	0	0	0	0	0	0	0	0	0	0	0	0	0	0	0	0	0	0	0	0	0	0	0	0	0	0	0	0	0	0	0	0	0	0.38361	0	0	0	0	0	0	0	0	0	0	0	0	0	0	0	0	0	0	0	0	0	0	0	0	0	0	0	0	0
g__Coprobacter	2|976|200643|171549|2005519|1348911	0	0	0	0	0	0	0	0	0	0	0	0	0	0	0	0	0	0	0	0	0	0	0	0	0	0	0	0	0	0	0	0	0	0	0	0	0.08575	0	0	0	0	0	0	0	0	0	0	0	0	0	0	0	0	0	0	0	0	0	0	0	0	0	0	0	0	0
g__Odoribacter	2|976|200643|171549|1853231|283168	0	0	0	0	0	0	0	0	0	0	0	0	0	0	0	0	0	0	0	0	0	0	0	0	0	0	0	0	0	0	0	0	0	0	0	0	0.15599	0	0	0	0	0	0	0	0	0	0	0	0	0	0	0	0	0	0	0	0	0	0	0	0	0	0	0	0	0
g__Porphyromonas	2|976|200643|171549|171551|836	1.71418	1.22772	3.63302	0.18788	0.0003	0.20362	0.179	1.66258	0.66846	1.01141	0.15611	2.725	0.24514	0.13744	0.07878	0.05677	0.36958	0.07684	0.0853	0.68939	0.15292	2.52703	0.61252	0.04835	0.4155	2.25887	0.93553	0.23994	1.28977	0.46775	0	0.078	0.50465	0.66594	0	0	0.09512	0.21518	0.10027	0	0.03613	0.05419	0.03476	1.78902	0.02858	0.88291	0.01723	0	1.20587	0.03596	0.53356	0.34372	1.93738	0.26178	0.03785	0.46944	2.45937	0.85144	2.71552	0.04333	0	0.58347	0.8489	0.73986	0.12475	0.05973
g__Alloprevotella	2|976|200643|171549|171552|1283313	0	1.10537	0.02287	0	0	0	0.01717	0.0589	0.1293	0.01845	0.02577	0.16098	0	0.03068	0	0.08323	0	0	0	1.18451	0	0.1746	0.15477	0.04658	0.07989	0.48535	0.24183	0.00101	0.0427	0.0614	0.09315	0	0.05045	0	0	0	0.02113	0	0.00484	0	0	0	0	0.08317	0	0.0564	0	0	0.03677	0.01134	0.02048	0.19785	0	0	0	0.00712	0.32259	0.26825	0.31863	0	0.42992	0	0.02261	0	0.02642	0
g__Paraprevotella	2|976|200643|171549|171552|577309	0	0	0	0	0	0	0	0	0	0	0	0	0	0	0	0	0	0	0	0	0	0	0	0	0	0	0	0	0	0	0	0	0	0	0	0	0	0	0	0	0	0	0	0	0	0	0	0	0	0	0	0	0	0	0	0	0	0.01099	0	0	0	0	0	0	0	0
g__Prevotella	2|976|200643|171549|171552|838	0	0.39252	0.17084	1.40972	0.12813	0.15969	2.39711	0.36573	1.47277	1.041	1.25908	2.05584	0.19957	0.15206	2.20399	5.37842	1.68175	0.30425	0.01843	0.1074	0.93064	2.17502	1.33201	0.43613	0.08023	9.68378	3.13252	0.15281	1.02237	0.40092	0	5.27382	0.37904	0.20598	0.21865	0.18897	5.40468	0.95221	0.01966	0.28808	0.0736	0.1979	0.18703	0.81853	0.18632	0.43944	0.06038	0.89033	0.77596	0.25843	0.01064	5.45328	0.45362	0.36184	0.00332	0.10314	0.49616	2.2018	14.78761	0.20665	1.62696	0	0.08321	1.69534	1.45183	0.07436
g__Alistipes	2|976|200643|171549|171550|239759	0	0	0	0	0	0	0	0	0	0	0	0	0	0	0	0	0	0	0	0	0	0	0	0	0	0	0	0	0	0	0	0	0	0.02514	0	0	1.19668	0	0	0	0	0	0	0	0	0	0	0	0	0	0	0	0	0	0	0	0	0.0486	0	0	0	0	0	0	0	0
g__Parabacteroides	2|976|200643|171549|2005525|375288	0	0	0	0	0	0	0	0	0	0	0	0	0	0	0	0	0	0	0	0	0	0	0	0	0	0	0	0	0	0	0	0	0	0	0	0	0.39068	0	0	0	0	0	0	0	0	0	0	0	0	0	0	0	0	0	0	0	0	0.09092	0.02564	0	0	0	0	0	0	0
g__Tannerella	2|976|200643|171549|2005525|195950	0.56243	1.26652	0	0	0	0	0.16193	0.11593	0.02373	0	0	0.12587	0	0.00695	0	0	0	0	0	0.03731	0	0.18492	0.03005	0	0.0035	0.13144	0.06092	0	0.01166	0.01525	0	0.0571	0.00824	0.00881	0	0	0	1.04404	0	0	0.07965	0	0	0.68948	0	0.02842	0	0	0.23333	0.01129	0.12253	0.06656	0.11041	0.03321	0	0.00019	0.00521	0.09932	0.60973	0	0.04782	0.04404	0.05574	0	0	0
g__Capnocytophaga	2|976|117743|200644|49546|1016	1.46125	8.0834	0.07349	1.26474	2.31593	0.66026	1.91811	1.85797	0.91114	0.5588	0.00239	0.48007	0.14073	0.20842	0.81362	0.39343	0.14997	0.2783	0	2.75673	0	0.78674	0.24092	0.23465	0.31556	0.56776	1.07021	0	0.51213	0.7061	0	0.43509	0.08757	0.96233	0.16449	0.16561	0.73044	15.91451	0	0	1.52404	0.08237	0.12866	3.10849	0.12179	0.88612	0.14127	0	0.8629	0.75443	0.77523	0.25253	0.44072	0.10565	0	0.3566	3.96583	0	3.25392	0.00083	1.09511	0.60942	1.3196	0.36092	0.12984	0.2946
g__Cloacibacterium	2|976|117743|200644|49546|501783	0	0	0	0	0	0	0	0	0.04124	0	0	0	0	0	0	0	0	0	0	0	0	0.42798	0	0	0	0	0	0	0	0	0	0	0	0	0	0	0	0	0	0	0	0.01099	0.00597	0.04168	0	0	0	0	0.02409	0.11618	0	0	0.46414	0.04639	0.16359	0	0	0	0	0	0	0	0	0	0	0
g__Chlamydia	2|204428|204429|51291|809|810	0	0	0	0	0	0	0	0	0	0	0	0	0	0	0	0	0	0	0	0	0	0	0	0	0	0	0	0	0	0	0	0	0	0	0	0	0	0	0	0	0	0	0	0	0	0	0	0	0	0	0	0	0	0	0	0	0	0.1592	0	0	0	0	0	0	0	0
g__Gemella	2|1239|91061|1385||1378	26.00833	6.6184	2.87847	4.12664	1.91299	21.84963	17.89177	9.51871	1.63078	13.97268	5.42766	12.21101	15.82482	1.59361	18.12751	8.11443	14.12321	6.30581	2.56839	3.33957	30.15733	4.82543	5.76906	10.5307	27.82553	4.89717	11.50232	17.18843	2.58541	14.58155	4.6917	0.61427	5.71948	16.52759	3.49245	4.19471	2.8432	1.22834	18.88775	1.73399	0.96541	1.81717	2.40609	10.37829	4.29185	15.48136	23.19284	0.71261	16.16917	20.38805	4.51608	8.81089	7.94349	9.12044	10.77458	5.57848	7.66327	4.27704	21.32986	6.5719	1.7484	10.05972	1.86337	11.53651	7.76918	5.66229
g__Listeria	2|1239|91061|1385|186820|1637	0	0	0	0	0	0	0	0	0	0	0	0	0	0	0	0	0	0	0	0	0	0	0	0.00108	0	0	0	0	0	0	0	0	0	0	0	0	0	0	0	0	0	0	0	0	0	0	0	0	0	0	0	0	0	0	0	0	0	0	0	0	0	0	0	0	0	0
g__Abiotrophia	2|1239|91061|186826|186827|46123	0.13181	0.19421	0.01062	0	0.0005	1.70342	0.6717	1.11873	0	0	0	0.34822	0.28835	0	0.00082	0	0	0.47278	0.02224	0.57545	0	1.91395	0.32154	0	0.12296	0.11794	0.06349	0.09009	0.3459	0.03175	0	0	0.20839	0	0.00646	0.00207	0	0	0.1735	0	0.02184	0.54759	0.49946	0.33478	0	0.32505	0.00192	0	0.05224	0.13699	0.15716	0	0	0	0	0.50679	0.24768	0.14612	0.16927	0.01711	0	0.77418	1.47447	0.08429	0.00273	0
g__Granulicatella	2|1239|91061|186826|186828|117563	2.9156	1.45604	0.04291	0	0.97323	2.82158	0.24919	4.86993	0.16117	0.21262	0.58726	1.35989	9.0975	0.10053	0.03956	0.74359	4.90327	0.22631	0.2874	1.68928	0	0.60279	0.36944	0.29193	0.60888	1.10627	0.16456	0.11171	1.22039	10.99719	12.77723	0.06213	0.81426	0.05109	0.02761	0.01623	0.08267	0.05155	1.84059	0	0.06007	0.06382	0.1103	3.35634	0.17055	4.19033	0.06672	0	1.57528	6.9678	0.19526	0.52344	0.03943	0.06104	0.01939	0.11898	0.39893	0.155	0.24811	1.97804	0.12526	0	1.99426	0.0701	0.53637	0.11474
g__Lactobacillus	2|1239|91061|186826|33958|1578	0	0	0	0	0	0	0	0	0	0	0	0	0	0	0	0	0	0	0	0	0	0	0	0	0	0	0	0	0	0	0	0	0	0	0	0	0	0	0	0	0	0	0	0	0	0	0	0	0	0	0	0	0	0	0	0	0	0	0	0	0	0	0	0	0	0.7006
g__Lactococcus	2|1239|91061|186826|1300|1357	0	0	0	0	0	0	0	0	0	0	0	0	0	0.01222	0	0	0	0	0	0	0	0	0	0.08408	0	0	0	0	0	0	0	0.00779	0	0	0	0	0	0	0	0	0	0	0	0	0	0	0	0	0	0	0	0	0	0	0	0	0	0	0	0	0	0	0	0	0	0
g__Streptococcus	2|1239|91061|186826|1300|1301	41.06176	45.50429	26.0886	58.36356	60.40193	49.24138	43.62104	40.7984	71.97104	61.0477	86.94257	56.29786	59.13578	78.73048	64.61898	62.71885	53.25175	31.47435	79.41056	51.54904	45.04712	45.15317	56.53801	80.72014	42.63693	53.13411	53.15534	75.48531	74.38509	46.81042	71.97729	34.01767	64.04424	72.49428	56.95007	58.04065	54.06583	27.07284	68.08307	22.4842	45.05547	53.85992	64.41889	29.87533	74.54838	49.2366	49.99155	73.7069	35.02109	57.43593	79.136	53.68337	36.61453	75.72882	81.70227	17.9239	50.80667	52.81425	19.93335	66.00479	67.28344	67.84272	65.58956	70.44547	46.26292	80.16229
g__Clostridiales_Family_XIII_Incertae_Sedis_unclassified	2|1239|186801|186802|543314|	0	0	0	0	0	0	0.13235	0.02673	0.22259	0.00619	0	0.05126	0	0	0.0218	0	0.02098	0	0	0	0.00731	0.2318	0.01953	0	0.0017	0.37692	0.12057	0.00759	0.00312	0.0297	0	0.04605	0.01646	0.00522	0	0	0.00244	0	0	0	0	0	0	0.10466	0.01405	0.0138	0	0	0.00794	0	0	0.17633	0	0.03026	0	0	0	0.02931	0.24258	0	0	0	0	0.08609	0	0
g__Mogibacterium	2|1239|186801|186802|543314|86331	0	0	0	0	0	0	0.09537	0.06228	0.02092	0	0	0	0	0	0.04973	0	0.00876	0.00671	0	0	0	0.07349	0	0	0	0.22865	0.00099	0	0	0.00294	0	0.0436	0	0	0	0	0.14251	0	0	0	0	0	0	0	0.01406	0.01249	0	0	0	0	0	0.13628	0	0	0	0	0	0	0.22652	0.00185	0	0	0	0.06898	0	0
g__Butyrivibrio	2|1239|186801|186802|186803|830	0	0	0	0	0	0	0	0	0	0	0	0	0	0	0	0	0	0	0	0	0	0	0	0	0	0	0	0	0	0	0	0	0	0	0	0	0	0	0	0	0	0	0	0	0	0	0	0	0	0	0	0	0	0	0	0	0	0	0	0	0	0	0	0	0.23267	0
g__Catonella	2|1239|186801|186802|186803|43996	0	0.03283	0	0	0	0	0	0	0	0.00168	0	0	0	0	0	0	0	0	0	0	0	0	0	0	0	0	0.01259	0	0	0.00395	0	0	0.0014	0	0	0	0	0	0	0	0	0	0	0.00586	0	0	0	0	0	0	0	0	0	0	0	0	0	0	0.001	0	0	0	0	0	0	0
g__Johnsonella	2|1239|186801|186802|186803|43994	0	0	0	0	0	0	0	0	0	0	0	0	0	0	0	0	0	0	0	0.00627	0	0	0	0	0	0	0	0	0	0	0	0	0	0	0	0	0	0	0	0	0	0	0	0	0	0	0	0	0.00544	0	0	0	0	0	0	0	0	0	0	0	0	0	0	0	0	0
g__Lachnoanaerobaculum	2|1239|186801|186802|186803|1164882	0	0.12863	0	0	0	0.00366	0.3345	0.01633	0.18521	0	0	0	0	0	0.01085	0	0.00242	0.0111	0	0.00122	0	0.05421	0	0.00651	0.00092	0.16375	0.07862	0	0	0.24894	0	0.37655	0.00752	0.01885	0.01792	0.00721	0.05268	0.41735	0	0	0.06807	0	0	0.14055	0	0.03572	0	0.0274	0.09872	0	0	0.05269	0	0	0	0.00141	0	0.04762	0.05291	0	0.07283	0	0.04973	0.00906	0.0265	0
g__Lachnospiraceae_unclassified	2|1239|186801|186802|186803|	0	0	0	0	0	0.00325	0.08854	0.13109	0	0	0.0228	0	0	0.00257	0	0	0.06906	0	0	0	0	0.06211	0.00524	0	0	0.39909	0.0259	0	0	0.01489	0	4.19057	0.00149	0	0	0	0.53662	0.08568	0	0	0	0	0	0.01232	0.00201	0.03845	0	0.06129	0.03899	0	0	0	0.09177	0	0	0	0	0.36695	0.67947	0.0602	0.02005	0	0	0.01017	0	0
g__Oribacterium	2|1239|186801|186802|186803|265975	0	0.1486	0	0	0	0	0.38475	0.02209	0.35316	0	0.00182	0.05321	0	0	0.10577	0	0.02065	0.00085	0	0	0	0.17351	0.00649	0.01774	0.01438	0.62501	0.14638	0.01252	0	0.03904	0	0.10465	0.02914	0.01597	0	0	0.06217	0	0	0	0	0.00395	0.00567	0	0.00129	0.04031	0	0.00646	0.00318	0	0	1.17842	0.01361	0	0	0.05305	0.0054	0.09351	2.37084	0.00572	0	0	0	0.06895	0.54695	0
g__Roseburia	2|1239|186801|186802|186803|841	0	0	0	0	0	0	0	0	0	0	0	0	0	0	0	0	0	0	0	0	0	0	0	0	0	0	0	0	0	0	0	0	0	0	0	0	0.17531	0	0	0	0	0	0	0	0	0	0	0	0	0	0	0	0	0	0	0	0	0	0.00556	0	0	0	0	0	0	0
g__Shuttleworthia	2|1239|186801|186802|186803|177971	0	0	0	0	0	0	0	0	0	0	0	0	0	0	0	0	0	0	0	0	0	0	0	0	0	0.00709	0	0	0	0	0	0	0	0	0	0	0	0	0	0	0	0	0	0	0	0	0	0	0	0	0	0	0	0	0	0	0	0	0	0	0	0	0	0	0	0
g__Stomatobaculum	2|1239|186801|186802|186803|1213720	0	0.09652	0.01029	0	0	0	0.23115	0.01737	0.03877	0	0.0182	0	0	0	0	0	0	0	0	0	0	0.01378	0	0	0.0001	0.0644	0	0	0	0.00321	0	0.26321	0.00208	0	0	0	0.1272	0	0	0	0	0.01802	0	0.00349	0	0.00588	0	0	0.02422	0	0	0.23932	0	0	0	0.00459	0	0.00384	0.12516	0	0	0	0	0.00181	0	0
g__Filifactor	2|1239|186801|186802|186804|44259	0	0	0	0	0	0	0	0	0	0	0	0	0	0.0126	0	0	0	0	0	0	0	0	0	0	0	0	0.02093	0	0	0	0	0	0	0	0	0	0	0	0	0	0	0	0	0	0	0	0	0	0	0	0	0.05673	0	0	0	0	0	0.09892	0.03374	0	0	0	0	0	0	0
g__Peptoanaerobacter	2|1239|186801|186802|186804|1913599	0	0	0	0	0	0	0	0	0	0	0	0.00413	0	0	0	0	0	0	0	0	0	0.00556	0	0	0.0023	0	0	0	0.00246	0	0	0	0	0	0	0	0	0	0	0	0	0	0	0.00697	0	0	0	0	0.01092	0	0	0	0	0	0	0	0	0	0	0	0	0	0	0	0	0
g__Peptostreptococcus	2|1239|186801|186802|186804|1257	0	0	0	0	0	0	0	0	0	0.00987	0	0.00608	0	0	0	0	0	0	0	0	0	0.00231	0	0	0	0.01188	0	0	0	0	0	0.0091	0	0	0	0	0	0	0	0	0	0	0	0	0	0	0	0	0	0	0	0.00373	0	0	0	0	0	0.00577	0.00975	0	0	0	0	0.0007	0	0
g__Faecalibacterium	2|1239|186801|186802|541000|216851	0	0	0	0	0	0	0	0	0	0	0	0	0	0	0	0	0	0	0	0	0	0	0	0	0	0	0	0	0	0	0	0.00949	0	0	0	0	1.34418	0	0	0	0	0	0	0	0	0	0	0	0	0	0	0	0	0	0	0	0	0	0	0	0	0	0	0	0	0
g__Gemmiger	2|1239|186801|186802|541000|204475	0	0	0	0	0	0	0	0	0	0	0	0	0	0	0	0	0	0	0	0	0	0	0	0	0	0	0	0	0	0	0	0	0	0	0	0	0.0167	0	0	0	0	0	0	0	0	0	0	0	0	0	0	0	0	0	0	0	0	0	0	0	0	0	0	0	0	0
g__Ruminococcus	2|1239|186801|186802|541000|1263	0	0	0	0	0	0	0	0	0	0	0	0	0	0	0	0	0	0	0	0	0	0	0	0	0	0	0	0	0	0	0	0	0	0	0	0	0.46035	0	0	0	0	0	0	0	0	0	0	0	0	0	0	0	0	0	0	0	0	0	0	0	0	0	0	0.0037	0	0
g__Bulleidia	2|1239|526524|526525|128827|118747	0	0.00477	0	0	0	0	0	0	0	0	0	0	0	0	0	0	0	0	0	0	0	0.00424	0	0	0	0	0.01157	0	0	0	0	0	0	0	0	0	0	0	0	0	0	0	0	0.00297	0	0	0	0	0	0	0	0.05333	0	0	0	0	0	0.03831	0.0688	0	0	0	0	0	0	0
g__Eggerthia	2|1239|526524|526525|128827|1279384	0	0	0	0	0	0	0	0	0	0	0	0	0	0	0	0	0	0	0	0	0	0	0	0	0	0	0	0	0	0	0	0	0	0	0	0	0	0	0	0	0	0	0	0	0	0	0	0	0	0	0	0.01604	0	0	0	0	0	0	0	0	0	0	0	0	0	0
g__Solobacterium	2|1239|526524|526525|128827|123375	0	0	0	0	0	0	0	0.00039	0	0	0	0	0	0	0.00212	0	0	0	0	0	0	0.0172	0	0	0	0.08646	0	0	0	0.00152	0	0.02709	0	0	0	0	0	0	0	0	0	0	0	0	0.00119	0	0	0	0.01104	0	0	0.01425	0	0	0	0	0.00086	0.00388	0.08311	0	0	0	0	0.00318	0	0
g__Centipeda	2|1239|909932|909929|1843491|82202	0	0.03817	0	0	0	0	0	0	0	0	0	0	0	0	0	0	0	0	0	0	0	0	0	0	0	0	0	0	0	0	0	0	0	0	0	0	0	0	0	0	0	0	0	0	0	0	0	0	0	0	0	0	0	0	0	0	0	0	0	0	0	0	0	0	0	0
g__Selenomonas	2|1239|909932|909929|1843491|970	0.09511	0.15207	0	0	0	0	0	0	0.17615	0	0	0.02693	0	0	0	0	0	0	0	0	0	0.0112	0	0	0	0.01349	0.10344	0	0	0.00527	0	0.07855	0	0	0	0	0	0.0713	0	0	0.09287	0	0	0.12881	0	0	0	0	0.23717	0	0	0	0	0	0	0	0	0.00091	0.08742	0	0.03628	0	0	0	0	0
g__Anaeroglobus	2|1239|909932|1843489|31977|156454	0	0	0	0	0	0	0	0	0	0	0	0	0	0	0	0	0	0	0	0	0	0	0	0	0	0.03325	0	0	0	0	0	0	0	0	0	0	0	0	0	0	0	0	0	0	0	0	0	0	0	0	0	0	0	0	0	0	0	0	0	0	0	0	0	0	0	0
g__Dialister	2|1239|909932|1843489|31977|39948	0	0.00757	0	0	0	0	0	0	0	0	0	0	0	0	0	0	0	0	0	0	0	0	0	0.01186	0	0.01931	0.00623	0	0	0	0	0	0.00606	0	0	0	0	0	0	0	0	0	0	0	0	0	0	0	0	0	0	0.00227	0	0	0	0	0	0.04975	0.00542	0	0	0	0	0	0	0
g__Megasphaera	2|1239|909932|1843489|31977|906	0	0	0	0	0	0	0.21701	0	0	0	0.05203	0	0	0	0.00736	0.01994	0.04217	0.00144	0	0	0	0.11701	0	0.00638	0	0.46603	0.00112	0	0	0	0	0.24059	0	0	0	0	0.14066	0	0	0	0	0	0	0	0	0.00361	0	0	0.00916	0	0	0.15884	0	0	0	0	0	0	0.45091	0	0.02629	0	0	0.0079	0	0
g__Veillonella	2|1239|909932|1843489|31977|29465	0.85054	12.79917	6.71094	5.13298	2.22796	1.14982	10.64504	1.5922	7.81595	1.84934	0.66032	1.57405	0.4176	0.27446	1.6228	9.24944	2.17286	3.40344	0.04386	4.5809	3.36567	6.30951	3.89061	0.67164	0.96333	4.27659	3.81506	0.89655	1.2105	0.23945	0.23334	6.98187	0.0758	0.21804	1.07212	1.08988	5.25111	3.31007	0.63354	0.92322	16.95301	4.71553	6.15103	3.2182	0.12875	1.77241	0.431	7.37661	2.07919	3.86891	0.31192	9.6745	1.64912	0.25499	0.90232	4.34777	0.18935	3.89578	6.39548	0.31276	5.18407	2.62692	6.50684	2.51783	2.12114	0.55448
g__Parvimonas	2|1239|1737404|1737405|1570339|543311	0	0	0	0	0	0	0.0187	0.01126	0.03767	0.09663	0	0	0	0.00117	0	0.12939	0.00207	0	0	0	0	0.0013	0.01208	0	0.01615	0	0.00564	0	0	0.00817	0	0.0078	0.01795	0	0	0	0	0	0	0	0	0	0	0.06481	0	0.00526	0	0	0	0	0	0.14633	0	0.04332	0	0.00266	0	0.09707	0.12429	0	0	0	0	0.00173	0.06497	0
g__Fusobacterium	2|32066|203490|203491|203492|848	0.18623	0.63399	1.66898	0.43777	0.13741	0.1259	1.34236	0.76463	1.58771	2.53861	0.05444	3.1934	0.11039	0.57855	0.60331	0.44649	0.34249	0.86645	0	0.67877	0.10848	1.41648	1.36218	0.27551	1.41438	2.1763	0.24316	0.64341	1.39087	1.82896	0.25617	0.49445	0.61852	0.46912	0.35168	0.52929	0.11425	1.58871	0.09312	0	0.39794	0.29695	0.31779	3.30247	0.24654	2.41575	0	0.00613	3.69177	0.14738	1.10331	2.53578	2.28026	0.08362	0.00952	4.33617	0.58504	0.9674	11.09966	0.12724	0.49239	1.76036	1.14625	1.23566	0.83624	0.0629
g__Leptotrichia	2|32066|203490|203491|1129771|32067	0	0.98631	0.01917	0.07931	0.02326	0.12739	0.54057	0.0742	0.2324	0.58945	0	0.61387	0.12842	0.07345	0.32245	0.6255	0.01242	0.16115	0	0.46272	0	0.5691	0.33044	0.0254	0.22161	0.51268	0.16239	0.02912	0.1402	0.44879	0.19876	1.7649	0.06808	0.21976	0	0	0.31449	15.11572	0	0	0.38456	0.03096	0.0541	1.08752	0.03215	0.17453	0.00567	0.15115	0.58865	0.0706	0.03063	0.10839	0	0.02901	0	0.07599	0.10064	0.2513	1.33149	0.02839	0.19834	0.14413	0.50935	0.09241	0.48112	0.1708
g__Paracoccus	2|1224|28211|204455|31989|265	0	0	0	0	0	0	0	0	0	0	0	0	0	0	0	0	0	0	0	0	0	0.00066	0	0	0	0	0	0	0	0	0	0	0	0	0	0	0	0	0	0	0	0	0	0	0	0	0	0	0	0	0	0	0	0	0	0	0	0	0	0	0	0	0	0	0	0
g__Lautropia	2|1224|28216|80840|119060|47670	0	0.00413	0.15679	0.00683	0.03124	0.27569	0.01722	0.02528	0.119	0	0	0.50653	0.0308	0.04486	0	0	0.07224	0.01075	0	0.28729	0	0.02072	0.4058	0.00135	0.15735	0.64011	0.28695	0.17792	0.51751	0.06956	0.0141	0.40916	0.11134	0.06035	0	0	0.02946	0.39145	0.00899	0.49099	0.6093	0.78211	0.24833	0.37355	0	0.02913	0.14518	0.28727	0.12208	0.02855	0.24476	0	0.74889	0.29785	0	8.72991	0.06747	0.1408	0.38693	0.01031	0	1.18813	0.14733	0.03927	1.35122	0.03838
g__Acidovorax	2|1224|28216|80840|80864|12916	0	0	0	0	0	0	0	0	0	0	0	0	0	0	0	0	0	0	0	0	0	0.00131	0	0	0	0	0	0	0	0	0	0	0	0	0	0	0	0	0	0	0	0	0	0	0	0	0	0	0	0	0	0	0	0	0	0	0	0	0	0	0	0	0	0	0	0
g__Ottowia	2|1224|28216|80840|80864|219181	0.20098	0	0	0	0	0	0	0.02798	0	0	0	0	0	0	0	0	0	0	0	0.03273	0	0	0	0	0	0	0	0	0	0	0	0	0	0	0	0	0	0	0	0	0	0	0	0	0	0	0	0	0	0	0	0	0	0	0	0	0	0	0	0	0	0	0	0	0	0
g__Eikenella	2|1224|28216|206351|481|538	0	0.05906	0.00869	0	0.08525	0.01802	0	0.4887	0	0	0	0	0	0	0	0	0	0	0	0.15613	0	0.04316	0	0	0.0028	0	0.02591	0	0.02287	0.01687	0	0	0	0	0	0	0.01299	0	0	0	0.00717	0	0	0.01828	0	0.0138	0	0	0.03793	0	0.0208	0	0	0	0	0	0.17531	0	0.09924	0	0	0	0.01539	0	0	0
g__Kingella	2|1224|28216|206351|481|32257	0	1.12971	0	0	0.09552	0.1805	0.05073	0.02086	0.02312	0	0	0	0	0	0	0	0.00728	0.09345	0	0	0	0.0794	0	0	0	0	0.1442	0	0.05372	0.00948	0.00577	0.08154	0	0	0.07713	0.05344	0	0.25355	0	0	0.32391	0.04961	0.03234	0.07726	0	0	0	0	0.05993	0.03979	0	0	0	0	0	0	0	0.01239	0	0	0	0	0.02589	0.065	0	0.56843
g__Morococcus	2|1224|28216|206351|481|212742	0	0	0	0	0	0	0	0	0	0	0	0	0	0.02977	0	0	0.22039	0.35252	0.92009	0	0	0	0	0	0	0.08957	0	0	0	0	0	0	0	0	0	0	1.0808	0	0	0.31803	0	0	0	0	0	0	0	0	0	0	0	0	0	0	0.02484	0	0	0	0	0.14421	0	0	0	0	0	0
g__Neisseria	2|1224|28216|206351|481|482	6.50456	4.37873	1.84422	5.82523	1.96834	3.7347	2.4253	9.37702	0.29866	0.08937	0.70806	6.36022	1.13261	1.41129	0.20083	0	0.98617	1.22321	1.77694	4.26949	0.64694	6.02838	1.99427	0.07303	1.02298	2.54932	6.58368	0.13572	1.96019	6.4491	1.30312	2.50733	4.99392	3.30634	0.02191	0.00492	1.19069	8.36967	0.79069	0.28194	0.52108	7.61303	6.58327	5.6784	0.33044	2.99809	2.27745	2.3632	3.99023	0.87679	1.95291	0	13.65295	1.54883	0.05003	16.65523	14.14779	1.584	1.26159	3.19886	0.03313	6.943	0.102	2.21937	15.68417	0.25007
g__Simonsiella	2|1224|28216|206351|481|71	0	0	0	0	0	0	0	0	0	0	0	0	0	0.00571	0	0	0	0	0	0	0	0	0	0	0.00805	0	0	0	0	0.00153	0	0	0	0	0	0	0	0	0.00237	0	0	0	0	0	0	0	0	0	0	0	0	0	0	0	0	0	0	0	0	0	0	0	0	0	0	0
g__Campylobacter	2|1224|29547|213849|72294|194	0.42405	0.51172	0	2.87079	0	0.06628	1.17383	0.09299	0.31754	0.15752	0.07483	0.1236	0.06954	0.02358	0.41934	0.08747	0.203	0.03752	0	0.00081	0.14639	0.25455	0.05228	0.04877	0.01372	0.93983	0.65556	0.00218	0.06722	0.15003	0	0.95184	0.03395	0.05841	0.01298	0.029	0.38588	0.97125	0	0.51546	0.40268	0.01991	0.04368	0.45733	0.04907	0.18649	0.00488	0.53468	0.19949	0.05253	0.01193	0.93511	0.40479	0	0	0.01568	0.05473	0.32393	3.81892	0.07704	1.3987	0	0.01089	0.24295	1.97231	0.00375
g__Helicobacter	2|1224|29547|213849|72293|209	0	0	0	0	0	0	0	0	0	0	0	0	0	0	0	0	0	0	0	0	0	0	0	0	0	0	0	0.57484	0.36541	0	0	0	0	0	0	0	0	0	0	0	0	0	0	0	0	0	0	0	0	0	0	0	0	0	0	0	0	0	0	0	0	0	0	0	0	0
g__Cardiobacterium	2|1224|1236|135615|868|2717	0	0.2327	0.00113	0	0.00747	0	0.06865	0.07841	0	0	0	0.00589	0	0	0	0	0	0.01351	0	0.24257	0	0.04715	0.0167	0	0.00453	0.00568	0.03696	0	0.08605	0.02151	0	0.01706	0	0.00155	0	0	0	0.11778	0	0	0.19962	0.01621	0	0.01649	0	0	0	0	0.14375	0	0	0	0.01947	0	0	0.00197	0.01814	0	0	0	0	0	0	0.0148	0	0
g__Escherichia	2|1224|1236|91347|543|561	0	0	0	0	0	0	0	0	0	0	0	0	0	0	0.01009	0	0	0	0	0	0	0.01656	0	0	0	0	0	0	0	0	0	0	0	0	0	0	0	0	0	0	0	0	0	0	0	0	0	0	0	0	0	0	0	0	0	0	0	0	0	0	0	0	0	0	0	0
g__Aggregatibacter	2|1224|1236|135625|712|416916	0	0.47993	0.03414	2.3713	0.21567	0.10723	0.29235	1.44473	0.05547	0.1577	0.01786	2.04591	0.40381	0.1705	0	0.65506	0.07973	0.09336	0	0.42585	0	0.47682	0.50511	0.06959	0.09108	0.13987	1.68224	0.04958	0.19592	0.27033	0	0.05285	0.25877	0.47044	0	0	0.67693	3.23023	0.00916	0	0.19675	0.00417	0	0.32954	0.00407	0.39907	0.07945	0	0.36202	0.0582	0.103	0.01379	0.04474	0.51333	0	0.49553	0.0368	0.05346	0.19544	0.14907	0	0.41991	1.3693	0.04519	0.80959	0.01149
g__Haemophilus	2|1224|1236|135625|712|724	5.05759	9.66153	49.41399	9.16721	6.19949	15.14197	3.37014	20.11568	3.72495	15.12115	2.68559	6.95648	10.56405	15.71712	9.6997	2.65075	20.10656	42.76401	13.27628	25.33898	12.56741	19.93869	16.45758	5.51013	23.69474	10.95821	8.83771	2.23785	10.9025	15.82415	7.47879	6.74978	19.38098	2.0755	16.77653	16.44725	5.8963	7.93749	4.37803	8.34882	16.82383	6.00019	8.37301	24.98055	19.52209	18.94591	20.31261	3.25461	16.86381	5.81951	5.51395	3.2647	24.73303	7.36173	5.09043	24.92973	15.56098	14.25015	2.97798	20.22189	18.20677	4.89678	15.93424	7.19282	13.92772	10.47711
g__Acinetobacter	2|1224|1236|72274|468|469	0	0	0	0	0	0	0	0	0	0	0	0	0	0	0	0	0	0	0	0	0	0.09855	0	0	0	0	0	0	0	0	0	0	0	0	0	0	0	0	0	0	0	0	0	0	0	0	0	0	0	0	0	0	0	0	0	0	0	0	0	0	0	0	0	0	0	0
g__Treponema	2|203691|203692|136|137|157	0	0.04429	0	0	0	0	0	0	0	0	0	0	0	0	0	0	0	0	0	0	0	0.00559	0	0	0	0.04713	0.00195	0	0	0	0	0.01351	0	0	0	0	0	0	0	0	0	0	0	0.05161	0	0	0	0	0	0	0	0.01783	0	0	0	0	0	0.06775	0.05118	0	0	0	0	0	0	0
g__Fretibacterium	2|508458|649775|649776|649777|1434006	0	0	0	0	0	0	0	0	0	0	0.00599	0	0	0	0	0	0	0	0	0	0	0	0	0	0	0.00255	0	0	0	0	0	0	0	0	0	0	0	0	0	0	0	0	0	0	0	0	0	0	0	0	0	0	0	0	0	0.00297	0	0.01954	0	0	0	0	0	0	0	0
g__Candida	2759|4890|4891|4892|766764|1535326	0	0	0	0	0	0	0	0	0	0	0	0	0	0	0	0	0	0	0	0	0	0	0	0	0	0	0	0.03663	0	0	0	0	0	0	0	0	0	0	0	0	0	0	0	0	0	0.01	0	0	0	0	0	0	0	0	0	0	0	0	0	0.00215	0	0	0	0.00242	0.66442	0
g__Malassezia	2759|5204|1538075|162474|742845|55193	0	0	0	0	0	0	0	0	0	0	0	0	0.00569	0	0	0	0	0	0	0	0	0	0	0	0	0	0	0	0	0	0	0	0	0	0	0	0	0	0	0	0	0	0	0	0	0	0	0	0	0	0	0	0	0	0	0	0	0	0	0	0	0	0	0	0	0
