clade_name	NCBI_tax_id	SRS149181	SRS149075	SRS148817	SRS148784	SRS148196	SRS148159	SRS147766	SRS147346	SRS146764	SRS145497	SRS144714	SRS144506	SRS144362	SRS144297	SRS143991	SRS143876	SRS143780	SRS143598	SRS143417	SRS143342	SRS143181	SRS143148	SRS143070	SRS142781	SRS142712	SRS142599	SRS142542	SRS142505	SRS142503	SRS140645	SRS140513	SRS140492	SRS105082	SRS104400	SRS104197	SRS103987	SRS101433	SRS101376	SRS100021	SRS098881	SRS098827	SRS098717	SRS098655	SRS098514	SRS097958	SRS097920	SRS097889	SRS078665	SRS078419	SRS078242	SRS077849	SRS077753	SRS077641	SRS077589	SRS077552	SRS077502	SRS077454	SRS077392	SRS077294	SRS077231	SRS077194	SRS077127	SRS076929	SRS076876	SRS076756	SRS075984	SRS075878	SRS075773	SRS075341	SRS075078	SRS074964	SRS074670	SRS064973	SRS063518	SRS063489	SRS058070	SRS056273	SRS055533	SRS054352	SRS053649	SRS053573	SRS053356	SRS050026	SRS049896	SRS049402	SRS045739	SRS045528	SRS043667	SRS024663	SRS021219	SRS021153	SRS020622	SRS017916	SRS016438	SRS016437	SRS013639	SRS013638	SRS013098	SRS012969	SRS012849
g__Methanobrevibacter	2157|28890|183925|2158|2159|2172	0	0	0.00459	0	0.18817	0	0	0.00678	0	0	0	0	0.001	0	0	0	0	0	0	0	0	0	0	0	0	0.14064	0.01522	0	0.00962	0	0	0	0	0.28708	0	0	0	0	0	0	0	0	0	0	0	0	0	0	0	0.0135	0	0	0	0	0	0	0	0.73418	0.00577	0	0.00249	0	0	0	0	0.00351	0	0	0	0	0	0	0	0	0	0	0	0	0	0	0	0.21672	0	0	0	0	0	0	0	0	0	0	0.03093	0	0	0	0	0	0	0.00698
g__Methanosphaera	2157|28890|183925|2158|2159|2316	0	0	0	0	0	0	0	0	0	0	0	0	0	0	0	0	0	0	0	0	0	0	0	0	0	0	0	0	0.01041	0	0	0	0	0	0	0	0	0	0	0	0	0	0	0	0	0	0	0	0	0	0	0	0	0	0	0	0	0	0	0	0	0	0	0	0	0	0	0	0	0	0	0	0	0	0	0	0	0	0	0	0	0.01329	0	0	0	0	0	0	0	0	0	0	0	0	0	0	0	0	0	0
g__Methanomassiliicoccus	2157|28890|183967|1235850|1577788|1080709	0	0	0	0	0	0	0	0	0	0	0	0	0	0	0	0	0	0	0	0	0	0	0	0	0	0	0	0	0	0	0	0	0	0	0	0	0	0	0	0	0	0	0	0	0	0	0	0	0.08269	0	0	0	0	0	0	0	0	0	0	0	0	0	0	0	0	0	0	0	0	0	0	0	0	0	0	0	0	0	0	0	0	0	0	0	0	0	0	0	0	0	0	0	0	0	0	0	0	0	0	0
g__Actinobaculum	2|201174|1760|2037|2049|76833	0	0	0	0	0	0	0	0	0.00303	0	0	0.0045	0	0	0	0	0	0	0	0	0	0	0	0	0	0	0	0	0	0	0	0	0	0	0	0	0	0	0	0	0	0	0	0	0	0	0	0	0	0	0	0	0	0	0	0	0	0	0	0	0	0	0	0	0	0	0	0	0	0	0	0	0	0	0	0	0	0	0	0	0	0	0	0	0	0	0	0	0	0	0	0	0.00238	0	0	0	0	0	0	0
g__Actinomyces	2|201174|1760|2037|2049|1654	0.00089	0	0	0	0.05297	0	0	0	0.0005	0	0.00196	0.03363	0.00032	0.00132	0	0.00013	0	0	0	0	0	0	0.00019	0	0.01614	0	0.00412	0	0	0.07328	0.00205	0	0	0	0	0	0	0.00433	0	0	0	0.01368	0	0	0.00404	0.00063	0	0.00059	0.00024	0	0	0.00283	0.00188	0	0	0	0.00037	0.00772	0	0	0	0.00097	0	0.00074	0.00238	0.00045	0.00074	0	0	0	0	0	9e-05	0.0139	0	0.00022	0.00061	0.00012	0	0	0	0	0	0.00303	0	0.00031	0.00466	0	7e-05	0	0	0.00041	0.05233	0	0	0.017	0	0.00152	0.00045	0
g__Varibaculum	2|201174|1760|2037|2049|184869	0	0	0	0	0	0	0	0	0	0	0	0	0.00039	0	0	0	0	0	0	0	0	0	0	0	0	0	0	0	0	0	0	0	0	0	0	0	0	0	0	0	0	0.00482	0	0	0	0	0	0	0	0	0	0	0	0	0	0	0	0	0	0	0	0	0	0	0	0	0	0	0	0	0	0	0	0	0	0	0	0	0	0	0	0	0	0	0	0	0	0	0	0	0	0	0	0	0	0	0	0	0	0
g__Aeriscardovia	2|201174|1760|85004|31953|240233	0	0	0	0	0	0	0	0	0	0	0	0	0	0	0	0	0	0	0	0	0	0	0	0	0	0	0	0	0	0	0	0.00056	0	0	0	0	0	0	0	0	0	0	0	0	0	0	0	0	0	0	0	0	0	0	0	0	0	0	0	0	0	0	0	0	0	0	0.00086	0	0	0	0	0	0	0	0	0	0	0	0	0	0	0.00274	0	0	0	0	0	0	0	0	0	0	0	0	0	0.00122	0	0	0	0.00112
g__Bifidobacterium	2|201174|1760|85004|31953|1678	0.05202	0.04779	0.03578	0.0796	2.95576	0.46732	0	0.04834	0.11717	0.12435	0.05591	0.06484	0.39797	0.19572	0	0.0874	0.01716	0.00057	0.02124	0.02151	0.17606	0.33895	0.09839	0	0	0	0.01556	1.11243	0	0	0.04185	4.1801	0.20429	0	0	0.00861	0.16545	0.81682	0.6513	0.06017	0	1.27531	0.7575	0	0.28518	0.2602	0	0.06562	0.13589	0	0.43509	0.10336	0.21813	0	0	0	2.42524	0	0.23875	0.16128	0.04922	0	0	0	0.39834	0.04878	7.36811	0.44239	0	0.23345	0.03269	0.22464	0.16276	0	0.03491	0	0.82585	1.73637	0.04645	0.0136	0.00334	4.97613	0.09969	0.15372	0.9216	0.12095	0.4331	0.1904	0	0	0	0.00446	0	0	0	0.76028	0.40613	0.24805	0.27457	0.75726
g__Gardnerella	2|201174|1760|85004|31953|2701	0	0	0	0	0	0	0	0	0	0	0	0	0	0	0	0	0	0	0	0.0207	0	0	0	0	0	0	0	0.01298	0	0	0	0	0	0	0	0	0	0	0	0	0	0	0	0	0	0	0	0	0	0	0	0	0	0	0	0	0	0	0	0	0	0	0	0	0	0	0	0	0	0	0	0	0	0	0	0	0	0	0	0	0	0	0	0	0	0	0	0	0	0	0	0	0	0	0	0	0	0	0	0
g__Corynebacterium	2|201174|1760|85007|1653|1716	0	0	0	0	0	0	0	0	0.00043	0	0.00076	0.00267	0	0	0	0	0	0	0	0	0	0	0	0	0.01141	0	0.00178	0	0	0	0	0	0	0	0	0	0	0	0	0	0	0.00322	0	0	0.00186	0.00115	0	0	0	0	0	0.00163	0.00195	0	0	0	0	0.00463	0	0.0013	0	0	0	0	0.00028	0	0.00059	0	0	0	0	0	0	0.00253	0	0	0	0	0	0	0	0	0	0.0018	0	0	0.00331	0	0	0	0	0	0.02828	0	0.00074	0.00286	0.00017	0.00164	0	0
g__Lawsonella	2|201174|1760|85007||1847725	0	0	0	0	0	0	0	0	0	0	0	0	0	0	0	0	0	0	0	0	0	0	0	0	0	0	0	0	0	0	0	0	0	0	0	0	0	0	0	0	0	0.00104	0	0	0	0	0	0	0	0	0	0	0	0	0	0	0	0	0	0	0	0	0	0	0	0	0	0	0	0	0	0	0	0	0	0	0	0	0	0	0	0	0	0	0	0	0	0	0	0	0	0	0	0	0	0	0	0	0	0
g__Rothia	2|201174|1760|85006|1268|32207	0	0	0	0.00034	0.00072	0	0	0	0	0	0.00102	0.0017	0	0	0.00071	0	0	0	0	0	0	0	0	0	0.0004	0.0031	0.00056	0	0	0.01037	0.00206	0.00118	0	0	0	0	0	0.00641	0.0008	0	0	0	0	0	0.00091	0	0	0.00112	0.00095	0	0.00118	0.00722	0.00065	0	0	0.00081	0	0.00148	0	0	0	0	0	0	0.00128	0.0011	0.00019	0	0	0.00118	0	0.00037	0.0001	0.00599	0	0.00036	0.00156	0.00098	0.00042	0	0.00028	0	0.00034	0.00416	0.00031	9e-05	0.00926	0.00067	0.00063	0.0007	0	0.00035	0.05551	0.00104	0	0.00586	0	0.00552	0.00032	0.00029
g__Cutibacterium	2|201174|1760|85009|31957|1912216	0	0	0	0	0	0	0.00044	0	0	0	0	0	0	0	0	0	0	0.00021	0.00011	0	0	0	0	0	0	0	0	0	0	0	0	0	0	0	0	0	0	0	0	0.00308	0	0.07143	0	0	0	0	0.00191	0	0	0	0	0	0	0	0	0	0	0	0	0	0	0	0.00197	0	0	0	0	0	0	0	0	0	0	0	0	0	0	0	0	0	0	0	0	0.00097	0	0	0	0	0.00024	0	0	0	0.67205	0	0	0	0	0.00052	0	0
g__Propionibacterium	2|201174|1760|85009|31957|1743	0	0	0	0	0	0	0	0	0	0	0	0	0	0	0	0	0	0	0	0	0	0	0	0	0	0	0	0	0	0	0	0	0	0	0	0	0	0	0	0	0	0	0	0	0	0	0	0	0	0	0	0	0	0	0	0	0	0	0	0	0	0	0	0	0	0	0	0	0.001	0	0	0	0	0	0	0	0	0	0	0	0	0	0	0	0	0	0	0	0	0	0	0	0	0	0	0	0	0	0	0
g__Atopobium	2|201174|84998|84999|1643824|1380	0	0	0	0	0	0	0	0	0	0	0	0	0.15155	0	0.00114	0	0	0	0	0.01072	0	0	0	0	0	0	0	0	0.00028	0	0	0	0	0	0	0	0	0	0	0	0	0.00174	0	0	0	0	0	0	0	0	0	0	0	0	0	0.00734	0	0	0	0	0	0	0	0	0	0	0	0	0	0	0	0	0	0.00028	0	0	0	0	0	0	0	0	0	0	0	0	0	0	0	0	0	0	0	0	0	0	0	0	0	0
g__Olsenella	2|201174|84998|84999|1643824|133925	0	0	0	0	0	0	0	0	0	0	0	0	0	0	0	0	0	0	0	0	0	0	0	0	0	0	0	0	0	0	0	0	0	0	0	0	0	0	0	0	0	0	0	0	0	0	0	0	0	0	0	0	0	0	0	0	0	0	0	0	0	0	0	0	0	0	0.00212	0	0	0	0	0	0	0	0	0	0	0	0	0	0	0.01434	0	4e-05	0	0	0	0	0	0	0	0	0	0	0	0	0	0.03861	0	0.01652
g__Collinsella	2|201174|84998|84999|84107|102106	0.1932	0.15449	0.51699	0.15599	0.47821	0.00012	0	0.05444	0.64192	0.13666	0.30893	0.6406	0.14728	0.26116	0	0.17781	0.02337	0	0.03743	0.11339	0.07038	0.16595	0.50036	0.00588	0	0.03888	0.31429	0	0	0	0.0532	1.28491	0.08685	0.40603	0	0.04176	0.03871	0.36799	0.21662	0.07314	0.02001	0.10887	0.69888	0	0.34219	0.48592	0.1081	0.10078	0.58957	0	0.0967	0.18939	0.25497	0.10984	0	1.59152	0.05547	1.02526	0.31154	0.41913	0.24657	0.02527	0.15442	0.23496	0.18505	0.48896	0.70651	0.08789	0.0697	0.09341	0.08051	0.04885	0.08164	0.19835	0.09414	0.01323	0.36754	0	0.08003	0.10024	0.07112	2.26133	0.29839	0.37764	0.65056	0.03506	0.36887	0.08042	0	0.00794	0	0	0	0	0	0.69877	0.58271	0.33437	0.32567	2.28391
g__Enorma	2|201174|84998|84999|84107|1472762	0	0	0.001	0	0.00142	0	0	0	0.00268	0	0.00055	0.00194	0.0001	0	0	0.00034	0	0	0	0	0	0.00139	0.00165	0	0	0	0.00079	0	0	0	0	0.00241	0	0.00204	0	0	0	0.00092	0.00016	0	0	0.00476	0	0	0.0008	0.00068	0.00059	0.00013	0.00218	0	0	0.00125	0.00105	0	0	0.003	0.0081	0.00587	0.00019	0.00029	0.00109	0	0.00056	0.00024	0	0.00021	0.23969	0.00025	0.00025	0	0	0	0	0.00117	0	0	0.00193	0	0.03862	0	0	0.01498	0.00017	0.00191	0.00611	0	0.00168	0	0	0	0	0	0	0	0	0.00142	0.00063	0.00178	0.0014	0.00375
g__Adlercreutzia	2|201174|84998|1643822|1643826|447020	0.00486	0.00212	0.00017	0.00565	0.03432	0.03235	0	0.00288	0	0.00122	0.0156	0.00095	0.0084	0.00788	0.06792	0.00085	0.00135	0.00141	0.00031	0	0.00103	0.0004	0	0	0	0.00015	0.00375	0	0.00617	0	0.00356	0	0	0.0206	0.00314	0.00014	0	0.00069	0.0041	0.00297	0	0.01325	0.00869	0.00132	0.00614	0.01623	0.01116	0.00147	0.01252	0.00843	0.00118	0.01546	0.00265	0.0015	0.00133	0	0.01349	0.00994	0.00053	0.00693	0	0	0.02364	0	0	0.00897	0	0.01112	0.01632	0.03568	0.00506	0.00719	0	0	0	0.01034	0.0064	0	0.00492	0.00066	0	0.00059	0.00789	0.00195	0	0.00066	0.02621	0	0	0.005	0	0	0.0057	0.00284	0.0017	0.03543	0.01585	0.00861	0.01433	0.01278
g__Asaccharobacter	2|201174|84998|1643822|1643826|553372	0.00355	0.0012	0.00553	0.00334	0.03296	0.03614	0	0.00334	0.0009	0.00311	0.01881	0.00091	0.00749	0.00924	0.22004	0.00056	0.00047	0.00263	0.00271	0	0.00198	0	0.00165	0	0	0.00119	0.00851	0	0.0028	0	0.00494	0	0	0.04201	0.00349	0.00028	0.00117	0	0.01194	0.00492	0.00125	0.01504	0.02284	0.00387	0.00449	0.00922	0.01101	0.00079	0.01314	0.0173	0.0001	0.01858	0.00192	0.00216	0.00365	0	0.01687	0.01088	0.00382	0.0025	0	0	0.02237	0	0	0.02316	0	0.02094	0.01393	0.03124	0.00584	0.00188	0	0.0007	0	0.00904	0.00717	0.00109	0.00132	0.00196	0	0	0.003	0.00163	0	0	0.02817	0	0	0.00591	0	0	0.02688	0.00052	7e-05	0.02827	0.01309	0.00948	0.01894	0.00888
g__Eggerthella	2|201174|84998|1643822|1643826|84111	0.00573	0.00574	0.02788	0.00388	0.02751	0	0	0	0	0	0	0.00141	0.0092	0	0.10204	0.00207	0.0013	0.01447	0	0.03141	0	0	0	0	0.05498	0.00444	0.00243	0.07702	0	0	0	0.00099	0	0.0122	0.0123	0	0.01922	0	0.09409	0	0	0.21724	0.04482	0.02149	0	0.01502	0.0154	0.00366	0	0.01181	0	0.01234	0	0	0.00063	0.11655	0.12177	0.09703	0	0.01133	0.00188	0.04923	0.04423	0.00245	0	0.00858	0.01877	0.0319	0	0.00318	0.0063	0.00283	0.00058	0.0087	0	0	0.00323	0.02121	0	0	0	0	0.00315	0	0.00374	0	0.0508	0	0.00227	0.02351	0.10897	0	0.49784	0.01167	0.01006	0.04071	0.01861	0.00081	0	0.00988
g__Enterorhabdus	2|201174|84998|1643822|1643826|580024	0	0	0	0	0.00014	0.00118	0	0	0	0	0	0	0.00035	0	0.00477	5e-05	0	0	0	0	0	0	0	0	0	0	0	0	0	0	0	0	0	0.00095	0	0	0	0	0.00027	0	0	0.00103	0	0	0	0	0.00028	0	0.00011	0	0	0.00058	0	0	0	0	0	0.00227	0	0	0	0	0.00153	0	0	0	0	0.00031	0	0.00073	0	0	0	0	0	0	0.00042	0	0	0	0	0	0	0	0	0	0.00209	0	0	0	0	0	0	0	0	0.00251	0.00061	0.00042	0.00038	0
g__Gordonibacter	2|201174|84998|1643822|1643826|644652	0.0119	0.00608	0.00722	0.01505	0.007	0.00508	0	0.00315	0	0.00025	0.00668	0	0.00254	0.03263	0.08413	0.00083	0.00145	0.01523	0.00363	0.00439	0	0.00575	0	0	0.006	0.00453	0.00199	0.0105	0.00031	0	0	0.00654	0	0.01436	0.0047	0	0.0044	0.0164	0.0332	0.00541	0	0.10439	0.02339	0.00528	0.00598	0.0173	0.00629	0.00066	0.01888	0.0054	0	0.02554	0.00076	0	0.00487	0.00786	0.02423	0.6857	0.00402	0.01731	0.00158	0.0131	0.06212	0	0.0129	0.00789	0.00371	0.08923	0.01602	0.00464	0.00482	0.00261	0	0.00058	0.00123	0.0119	0.03688	0.00303	0	0.00117	0	0	0.0046	0	0.01227	0	0.16467	0	0.00237	0.01249	0.01496	0.00035	0.13827	0.00077	0.00035	0.05871	0.03688	0.01443	0	0.00023
g__Slackia	2|201174|84998|1643822|1643826|84108	0.05647	0	0	0	0	0.79917	0	0	0.00041	0.03235	0	0	0	0	0	0.00711	0	0	0	0	0.00982	0	0	0	0	0	0	0	0	0	0	0	0.00889	0	0	0.00033	0	0	0	0	0	0	0	0	0	0	0	0	0	0	0	0	0	0	0	0	0	0	0.03088	0	0	0	0	0	0	0	0	0	0	0	0	0	0	0.03418	0	0	0	0	0	0.0164	0	1.04128	0	0	0	0	0	0.00751	0	0	0	0	0	0	0	0	0	0.00044	0	0
g__Bacteroides	2|976|200643|171549|815|816	62.91178	56.9452	50.90475	48.87825	19.5211	29.72357	76.23824	65.13386	22.3385	70.87132	12.91524	11.88565	64.81785	12.46155	61.70902	33.67589	67.81424	78.14328	40.33159	72.78754	8.16129	48.71898	74.75619	92.5249	71.51311	72.27808	40.97233	0	55.01283	95.2464	69.20586	38.72942	33.63948	41.40299	57.61297	27.17969	61.209	48.84051	79.76122	66.81676	79.61477	42.89739	53.97315	81.83993	47.15379	55.13269	63.19415	76.60922	20.10551	67.61989	28.9307	27.83282	2.29077	71.0789	87.44827	57.24019	67.86554	26.14575	42.24671	55.21038	30.23515	61.61686	69.2548	88.95499	64.70624	42.58511	51.43207	41.12316	30.14105	59.77294	86.12799	79.43545	91.47742	29.67111	89.77534	37.3445	51.13364	89.55389	56.48063	67.53523	87.90038	17.57178	84.97361	17.59351	62.00938	74.62652	58.66328	25.43034	56.88999	85.29219	96.34793	83.59049	9.08945	92.69294	86.1815	32.39793	28.5254	22.29588	12.46884	24.5466
g__Barnesiella	2|976|200643|171549|2005519|397864	3.73366	0	0	1.08824	1.81202	0	0	4.95486	0	2.38427	0	0.68937	0	0	6.19646	4.43851	0	0	0	0	0.35296	0.97941	0.72184	0	0	0	0	0	0	0.0084	3.83222	8.778	1.64102	0	0	1.81511	0	0.00043	0	0	0	0	0	0	0	1.01583	0	0	2.97603	1.64594	0	0	0.75403	0	3.41873	0	0	4.61988	3.05093	1.10939	0	2.13097	0	0	1.1736	0	0	1.18514	6.31456	7.56578	0	0	0	0	0	0	3.4629	0	3.00982	2.20038	0	3.09743	0	0.23369	3.18057	0	0	0	0	0	0	1.37632	0.38655	0	0	0	0	0	0	9.31861
g__Coprobacter	2|976|200643|171549|2005519|1348911	0.42576	0	0	0.31289	1.52533	0	0	0.19368	0	0	0	1.426	0	0	0	0	0	0	0.96788	0	0	0.14995	0.0572	0	0	0	0	0	0.42994	0	0	0	0	0	0	0.135	0	0	0	0.58998	2.45789	0	0	0	0	0.20818	0	0.76525	0.1034	0	0	0	0.00933	0	0	0	0	0.06436	0	0.34372	0	2.33114	0	0	0.97987	0	0	0.01133	0.18903	0	0	0	0	0.17456	0.36803	0	0	0	0.24718	0	0	0.00321	0.50161	0.03186	0	0	0	0	0	0	0	0	0	0	0	0	0	0	0	0.13862
g__Butyricimonas	2|976|200643|171549|1853231|574697	0.04973	0	0.08841	0.54634	0.5068	0	0	0.10269	0.08602	0.80529	0.13744	0	0	0.13518	0	0.12119	1.21594	0	0.03248	0.64829	0	0.79719	0.0274	0	0	0.63806	0.1369	0	0	0	0.12089	0	0.01735	0	0	0.37626	0	0.48891	0	0.02615	0.20859	0	0	0	0.60756	0.42566	1.85398	0	0.12307	0.02959	0.06079	0	0	0.22446	0	0	0	0.06065	0.14691	0.3872	0	0	0	0	0.04283	0.15383	0	0.05481	0.36533	2.36966	0	0	0	0	0	0.68256	1.31171	0	0.11911	0.61799	0	0.06693	0	0.34576	0	0	0	0	0	0	0	0	0.12477	0	0	8e-05	0	2.34147	0.01752	0.74892
g__Odoribacter	2|976|200643|171549|1853231|283168	1.72412	0.80871	0	0.77764	3.39483	1.98195	0.51401	1.00102	0.86161	0.57327	0.51908	3.85001	0.85834	0.38191	0.80889	0.48064	0	1.58486	1.88303	0	0.26619	0.53072	0.12923	0	0	0.53565	0	0	0.90638	0.00079	2.41947	2.00627	0.50689	0	1.64062	0.56612	1.96826	0.74538	1.99128	1.54771	2.84993	0	0.6354	1.70886	0.67256	0.49539	0	1.68565	1.95439	1.00569	3.32016	3.20491	0.63157	0.61571	0.64548	1.96708	0	2.32882	1.69009	1.39853	0.52555	1.95892	2.02225	0	0.99562	0	0	1.31319	0	0.80031	0	0	0	0.37805	0	0	0.61118	0	1.30344	0.37073	0	1.43157	0.82067	0.1216	1.88066	0	1.36232	0	0	1.53258	0	0.13709	0.3248	0.07015	0.07037	0.52584	0.44576	1.26591	1.53168	4.84076
g__Porphyromonas	2|976|200643|171549|171551|836	0	0	0	0	0.01647	0	0	0	0	0	0	0.00744	0.03383	0	0	0	0	0	0	0.03911	0.01119	0	0	0	0.00213	0	0	0.00922	0	0.00355	0	0.00093	0	0.00166	0	0	0	0	0	0	0	0.56884	0	0	0	0	0	0	0	0	0	0.00047	0	0	0	0	0	0	0	0	0	0.00557	0	0	0	0	0	0	0	0	0	0	0	0.00049	0	0	0	0	0	0	0	0	0	0.00052	0.07824	0	0.00098	0	0	0	0	0	0	0	0	0.00028	0	0.00028	0	0
g__Sanguibacteroides	2|976|200643|171549|171551|1635148	0	0	0	0	0	0	0	0	0	0	0	0	0	0	0	0	0	0	0	0	0	0	0	0	0	0	0	0	0	0	0	0	0	0	0	0	0	0	0	0	0	0	0	0	0	0	0	0	0	0	0	0	0	0	0	0	0	0.24949	0	0	0	0	0	0	0	0	0	0	0	0	0	0	0	0	0	0	0	0	0	0	0	0.027	0	0	0	0	0	0	0	0	0	0	0.02479	0	0	0	0	0	0	0
g__Alloprevotella	2|976|200643|171549|171552|1283313	0	0	0	0	0	0	0	0	0	0	0	0.00921	0	0	0	0	0	0	0	0	0	0	0	0	0	0	0	0	0	0	0	0	0	0	0	0	0	0	0	0	0	0	0	0	0	0	0	0	0	0	0	0	0	0	0	0	0	0	0	0	0	0	0	0	0	0	0	0	0	0	0	0	0	0	0	0	0	0	0	0	0	0	0	0	0	0	0	0	0	0	0	0	0	0	0	0	0	0	0	0
g__Paraprevotella	2|976|200643|171549|171552|577309	0	0	0	0	0	0.97704	0	0	3.7807	3.48325	0	0	0	0	0	0.75075	0	0	0	0	0.07102	0	0.65431	0	0	0	0	0	0	0	0	0	0.45936	0	0	0	0	4.83366	0	0	0	0	0	0	0	0	0	0.53085	0	0	0	0	3.14255	4.2121	0	0	0	0.78713	0.44925	0	0	0	0	0	0	0	0	0	0	0	0	0	0	0	0	0	0	0	2.98245	6.64113	0	1.13071	1.82961	0.86838	0	0	0	0	0	0	0	0	0.24137	0	0	0	0	0	0	1.09216
g__Prevotella	2|976|200643|171549|171552|838	0.00822	0.01733	0	0.00319	0.00082	0	0	0	40.72306	0.00543	50.80693	14.65164	0.08986	67.33897	0.06086	36.638	0	0	0	0.05694	83.2381	0.00614	6.05239	0	0.00255	0.00989	0.00362	0.03542	0.00078	0.08645	0.03289	0.01687	47.01977	1.45875	0	50.98178	0.00179	0.01979	0.0236	0	0	0.15639	0.01192	0	20.05374	0.00559	0.0133	0.005	51.71496	0.00433	33.2809	0.00066	81.27808	4.99238	0	0	0	0.96036	1.15408	0.00394	36.47435	0.05479	0	0.00377	0.00834	0.01397	0.00932	0.0048	0.00231	0.00409	0.00387	0.00591	0.00403	0.00249	0.00169	0.00878	0.00659	0.01128	1.29513	0.00664	0.00583	9.41783	0.00965	68.76542	0.08809	0.00768	0.00266	68.24223	24.61456	0.0052	0.0063	0.00631	0.2059	0.00578	0.00219	6.93678	5.33719	13.42691	56.40455	18.28733
g__Alistipes	2|976|200643|171549|171550|239759	6.33226	14.85093	26.8303	10.0638	6.71674	9.70215	8.09196	8.07965	2.30595	10.58835	3.75071	27.31209	12.41405	9.27051	3.30052	9.51516	0	0.23764	32.69718	11.4786	1.45247	12.53276	0.82804	0	15.70435	15.73056	34.97718	11.40154	12.03561	0.0327	9.29736	15.93177	6.15001	21.67361	24.11095	6.519	9.40146	29.33235	3.62987	9.55912	9.16823	8.81856	16.62089	0.34382	6.7415	11.46062	0	16.57901	7.95739	15.58133	10.32284	55.75131	3.04759	7.99784	1.31894	1.13549	2.9994	11.57386	20.24881	15.32818	6.33792	16.99939	4.02598	0	16.79754	30.96609	16.09266	11.14101	31.75683	6.10002	2.60694	10.65838	0.02321	3.58705	3.55128	3.96916	22.8916	0.00027	9.55778	11.36893	4.38424	0.733	5.34846	1.34978	7.26423	5.59699	17.80192	0.30557	0.02081	6.27975	0.00032	8.54933	13.81461	0.98557	0.97441	18.34783	12.49665	40.26721	9.50682	21.9423
g__Parabacteroides	2|976|200643|171549|2005525|375288	3.85079	5.99613	5.62497	8.41184	3.1905	17.1686	0	6.95755	10.05954	7.3402	2.06831	10.2533	0.88583	2.44057	1.91043	9.00018	4.93827	0	0	4.05618	2.8012	10.81464	3.06028	0	7.31329	1.32274	4.32959	0	6.8867	0.03149	8.85183	6.78019	4.97269	4.56762	0	7.93388	8.53522	3.08566	5.35739	0	0	8.36504	8.98463	0	14.96318	6.90303	7.90572	1.51067	4.25155	4.80004	9.45687	3.78916	1.25597	7.26063	1.03501	0	4.11562	3.62721	2.06524	2.22826	1.70594	5.28089	3.8126	8.42722	0.66069	7.44125	5.61572	4.08188	10.7873	1.35815	3.88162	6.13275	5.94037	0	4.47982	23.04882	3.0794	0.16103	12.78664	7.68494	1.3787	8.09229	3.01414	3.57434	6.64672	13.46345	3.67125	1.31194	0.00141	2.67645	0.0012	5.55286	2.58224	5.55473	5.23466	1.58889	1.27224	9.65527	2.63444	1.47807
g__Tannerella	2|976|200643|171549|2005525|195950	0	0	0	0	0	0	0	0	0	0	0	0.01304	0	0	0	0	0	0	0	0	0	0	0	0	0	0	0	0	0	0	0	0	0	0	0	0	0	0	0	0	0	0	0	0	0	0	0	0	0	0	0	0	0	0	0	0	0	0	0	0	0	0	0	0	0	0	0	0	0	0	0	0	0	0	0	0	0	0	0	0	0	0	0	0	0	0	0	0	0	0	0	0	0	0	0	0	0	0	0	0
g__Capnocytophaga	2|976|117743|200644|49546|1016	0	0	0	0	0	0	0	0	0	0	0	0.00187	0	0	0	0	0	0	0	0	0	0	0	0	0	0	0	0	0	0	0	0	0	0	0	0	0	0	0	0	0	0	0	0	0	0	0	0	0	0	0	0	0	0	0	0	0	0	0	0	0	0	0	0	0	0	0	0	0	0	0	0	0	0	0	0	0	0	0	0	0	0	0	0	0	0	0	0	0	0	0	0	0.00212	0	0	0	0	0	0	0
g__Candidatus_Gastranaerophilales_unclassified	2|1798710||1906119||	0	0	0	0	0	0	0	0	0	0	0	0	0	0	0	0	0	0	0	0	0	0	0	0	0	0.43924	0	0	0	0	0	0	0	0	0	0	0	0	0	0	0	0	0	0	0	0	0	0	0	0	0	0	0	0	0	0	0	0	0	0.02619	0	0	0	0	0	0	0	0	0	0	0	0	0	0	0	0	0	0	0	0	0	0	0	0	0	0	0	0	0	0	0	0	0.01384	0	0	0	0	0	0	0
g__Gemella	2|1239|91061|1385||1378	0	0	0	0	0.03187	0	0	0	0.00374	0	0.00054	0	0	0	0	0	0	0	0	0	0	0	0	0.00092	0	0	0	0	0	0.0013	0	0.00055	0	0	0	0	0	0	0	0.00119	0	0	0	0	0.00293	0	0	0	0.00045	0	0.00143	0.00176	0	0	0	0	0	0	0	0	0	0	0	0	0	0	0	0	0	0	0	0	0	0.00098	0	0.00248	0	0	0	0	0	0.00376	0	0	0	0	0.00246	0	0	0	0	0	0.00944	0.00055	0	0.00041	0	0.00032	0	0
g__Staphylococcus	2|1239|91061|1385|90964|1279	0	0	0	0	0	0	0	0	0	0	0	0	0	0	0	0	0	0	0	0	0	0	0	0	0	0	0	0	0	0	0	0	0	0	0	0	0	0	0	0	0	0	0	0	0	0	0	0	0	0	0	0	0	0	0	0	0	0	0	0	0	0	0	0	0	0	0	0	0	0	0	0	0	0	0	0	0	0	0	0	0	0	0	0	0	0	0	0	0	0	0	0	0.06646	0	0	0	0	0	0	0
g__Aerococcus	2|1239|91061|186826|186827|1375	0	0	0	0	0	0	0	0	0	0	0	0	0	0	0	0	0	0	0	0.00173	0	0	0	0	0	0	0	0	0	0	0	0	0	0	0	0	0	0	0	0	0	0	0	0	0	0	0	0	0	0	0	0	0	0	0	0	0	0	0	0	0	0	0	0	0	0	0	0	0	0	0	0	0	0	0	0	0	0	0	0	0	0	0	0	0	0	0	0	0	0	0	0	0	0	0	0	0	0	0	0
g__Granulicatella	2|1239|91061|186826|186828|117563	0	0	0	0	0	0	0	0	0.00488	0	0	0	0	0	0	0	0	0	0	0	0	0	0	0	0	0	0	0	0	0.00358	0	0	0	0	0	0	0	0	0	0	0	0	0	0	0	0	0	0	0	0	0	0	0	0	0	0	0	0	0	0	0	0	0	0	0	0	0	0	0	0	0	0	0	0.00108	0	0	0	0	0	0	0	0	0	0	0	0	0	0	0	0	0	0	0	0	0	0.00022	0	0	0	0
g__Enterococcus	2|1239|91061|186826|81852|1350	0	0	0	0	0	0.00243	0	0	0	0	0	0	0	0	0	0	0	0	0	0	0	0	0	0	0	0	0	0	0	0	0	0	0	0	0	0	0	0	0	0	0	0	0	0	0	0	0	0	0	0	0	0	0	0	0	0	0	0	0	0	0	0	0	0	0	0	0	0	0	0	0	0	0	0	0	0	0	0	0	0	0	0	0	0	0	0	0	0	0	0	0	0	0	0	0.02298	0	0.03911	0	0	0
g__Lactobacillus	2|1239|91061|186826|33958|1578	0.02153	0.00409	0	0.44453	0	0.05718	0	0	0.05659	0.00902	0.01086	0.02267	0.03057	0.02029	0	0	0.03266	0	0.01079	0.11558	0.04946	0.01114	0.06286	0	0	0	0.00123	0.09239	0	0	0	0.44673	0	0	0	0.01415	0	0	0.01855	0.00382	0.0101	0.00268	0.00326	0.00382	0.00127	0.02875	0.02403	0	0	0.00962	0	0.00358	0.0059	0	0	0.0016	0	0	0.00274	0	0	0	0	0	0.11965	0	0	0.05698	0	0	0	0.00488	0	0.01399	0	0	0.00036	0	0	0	0	0	0	0.03225	0.27393	0	0	0.00027	0	0	0	0	0.00791	0	0	0.00225	0	0.00251	0	0
g__Lactococcus	2|1239|91061|186826|1300|1357	0.01996	0	0	0	0	0.00056	0.00054	0.00081	0	0	0.01358	0	0	0	0	0	0.00164	0.00025	0	0	0	0	0.00163	0	0	0	0	0	0	0.02284	0.00053	0	0	0	0	0	0	0	0	0	0	0	0	0.0072	0	0	0.00035	0	0	0	0	0	0	0	0	0	0	0	0	0.00256	0	0	0	0	0	0	0	0	0	0	0	0	0.00127	0.06314	0	0.00123	0	0	0	0	0	0	0	0	0	0	0	0	0	0	0	0	0.03374	0	0	0	0	0	0	0
g__Streptococcus	2|1239|91061|186826|1300|1301	0.03715	0	0	0.00699	0.05123	0.00736	0.00319	0.00687	0.01587	0.00244	0.0863	0.01504	0.0025	0	0.00142	0.00685	0.01936	0	0.0019	0.02234	0.00533	0.00036	0.00218	0.13731	0.01805	0.00424	0.0016	0	0.02399	0.26558	0.03008	0.06793	0	0.00455	0.00113	0.00147	0.00498	0.04459	0.00408	0.01251	0.00499	0.03128	0	0.06037	0.09103	0.0159	0.01535	0.00388	0.05521	0.08902	0.12074	0.01611	0.00338	0	0.00113	0.01232	0.0071	0.02455	0.01893	0.0098	0.00308	0.00082	0.02724	0	0.00459	0.01838	0.00305	0.07608	0.05164	0.02478	0.00092	0.00433	0.00112	0.27019	0.00147	0.11558	0.01173	0.00153	0.03389	0.00326	0.00188	0.00496	0.0017	0.04579	0.00697	0.00654	0.02234	0.00178	0.00101	0.00579	0.00179	0.0032	0.10532	0.00144	0	0.04883	0.03018	0.14527	0.04399	0.01744
g__Catabacter	2|1239|186801|186802|424536|270497	0	0	0	0	0.00064	0	0	0	0	0	0	0	0	0	0	0	0	0	0	0	0	0	0	0	0	0	0	0	0	0	0	0.00036	0	0	0	0	0	0	0	0	0	0.00314	0	0	0	0	0	0	0	0	0	0	0	0	0	0	0	0	0	0	0	0	0.00137	0	0	0	0	0	0	0	0	0	0	0	0	0	0	0	0	0	0	0	0	0	0.02405	0	0	0	0	0	0	0	0	0	0	0	0	0.00199	0	0.01251
g__Christensenella	2|1239|186801|186802|990719|990721	0	0	0	0	0.00079	0	0	0	0.02974	0	0	0	0	0	0	0	0	0	0	0	0	0	0	0	0	0.00354	0	0	0	0	0	0	0	0.00152	0.00025	0	0	0	0	0	0	0.00685	0	0	0.003	0	0	0	0	0	0	0	0	0	0	0	0	0	0	0	0	0	0.00366	0	0	0	0	0	0	0	0	0	0	0	0	0	0	0	0	0	0	0.04514	0	0	0	0	0	0	0	0	0	0	0	0	0	0.03078	0.02112	0.02545	0	0.00092
g__Butyricicoccus	2|1239|186801|186802|31979|580596	0	0	0	0	0	0	0	0	0	0	0	0	0	0	0	0	0	0	0	0	0	0	0	0	0	0	0	0	0	0	0	0	0	0	0	0	0	0	0	0	0	0	0	0	0	0	0	0	0	0	0	0	0	0	0	0	0	0	0	0	0	0	0	0	0	0	0	0	0	0	0	0	0.00027	0	0	0	0	0	0	0	0	0	0	0	0	0	0	0	0	0	0	0	0	0	0	0	0	0	0	0
g__Clostridium	2|1239|186801|186802|31979|1485	0.16774	0.01698	0	0.04536	0.33673	0.09008	0.13193	0	0.03169	0	0.07561	0.17674	0.51565	0.03543	0.42952	0.04847	0.03097	0.05611	0	0.06004	0	0	0	0	0	0.02313	0.01556	0	0.2866	0.02171	0.00391	0.04654	0.04056	0.34529	1.38034	0.0321	0.26606	0.03056	0.00656	0	0.01189	0.55508	0.04006	0.28534	0.07996	0.04922	0.05624	0.00121	0.09912	0.20999	0.0888	0.00604	0	0.00475	0.10426	0.37386	0.00707	0.06003	0.05112	0.0128	0.02939	0.06176	0.03302	0.02503	0.00485	0.01093	0	3.74349	0.05579	0.68482	0	0.0548	0	0.11117	0.00458	0.60136	0.28586	0	0.00406	0	0.0018	0	0.00351	0.14172	0.03014	0.01635	0.109	0	0.01309	0.07397	0.01461	0.00449	0	0.00159	0	0	0	0.0003	0.06523	0.04417
g__Hungatella	2|1239|186801|186802|31979|1649459	0	0	0	0	0.00305	0	0	0	0	0	0	0	0.00264	0	0.00065	0	0.00293	0.00206	0	0	0	0	0	0	0.00491	0	0	0.02781	0	0	0	0.00479	0	0	0.00089	0	0	0	0.00207	0	0	0.2726	0.12621	0.00201	0	0.00448	0.03983	0	0	0	0	0	0	0	0	0.02202	0.13279	0	0	0	0	0.0045	0	0	0	0	0	0.00062	0	0.01875	0	0	0	0	0	0	0	0	0	0	0	0	0	0	0.0096	0	0.0005	0	0	0.00191	0.05796	0	0	0	0	0	0	0.00078	0	0
g__Lactonifactor	2|1239|186801|186802|31979|420345	0	0	0	0	0	0	0	0	0	0	0	0	0	0	0	0	0	0	0	0	0	0	0	9e-05	0	0	0	0	0	0	0	0	0	0	0	0.00029	0	0	0	0	0	0	0	0	0	0	0	0	0	0	0	0	0	0	0	0	0	0	0	0	0	0	0	0	0	0	0	0	0	0	0	0	0	0	0	0	0	0	0	0	0	0	0	0	0	0	0	0	0	0	0.00098	0	0	0	0	0	0	0	0	0
g__Clostridiales_Family_XIII_Incertae_Sedis_unclassified	2|1239|186801|186802|543314|	0	0	0	0	0.00071	0	0	0	0	0	0	0	0	0	0	0	0	0	0	0	0	0	0	0.00095	0.00112	0	0	0	0	0.00852	0	0	0	0	0	0	0	0	0	0	0	0.00574	0	0.00263	0.0018	0	0	0	0	0	0	0	0.00551	0	0	0	0	0	0	0	0	0	0	0	0.00281	0	0	0	0	0	0	0	0	0.00089	0	0	0	0	0	0	0	0	0	0	0	0	0	0	0	0	0	0	0	0	0	0.01437	0.00854	0	0	0
g__Mogibacterium	2|1239|186801|186802|543314|86331	0	0	0	0	0	0	0	0	0	0	0	0	0	0	0	0	0	0	0	0	0	0	0	0	0	0	0	0	0	0	0	0	0	0	0	0	0	0	0	0	0	0	0	0	0	0	0	0	0	0	0	0	0	0	0	0	0	0	0	0	0	0	0	0	0	0	0	0	0	0	0	0	0	0.0004	0	0	0	0	0	0	0	0	0	0	0	0	0	0	0	0	0	0	0	0	0	0.00116	0	0	0	0
g__Clostridiales_unclassified	2|1239|186801|186802||	0	0	0	0	0.00033	0	0	0.01518	0	0	0	0	0	0	0	0	0.00029	0.00063	0	0	0	0	0	0	0	0	0	0	0	0	0	0	0	0	0	0	0	0	0	0	0	0	0	0.00405	0	0	0.00219	0	0	0	0	0	0	0	0	0.00145	0	0	0	0	0	0	0	0	0	0	0	0.17961	0	0	0	0	0	0	0	0	0	0	0	0	0	0	0	0	0	0	0	0	0	0	0	0	0	0	0	0	0	0.3308	0	0
g__Intestinimonas	2|1239|186801|186802||1392389	0.00928	0.03399	0.05251	0.04531	0.00138	0.002	0.00855	0.00118	0.01599	0	0.01751	0.04402	0.02629	0.00178	0.0174	0.00527	0	0	0.0186	0.00079	0	0.0478	0	0	0	0.04957	0.01483	0	0.02013	0	0.01572	0.06912	0	0.00984	0.00947	0	0.10875	0	0	0.00063	0	0	0	0	0.009	0.10704	0	0.01538	0.00547	0.00438	0.08687	0.07441	0.0254	0.02297	0.01339	0.30332	0	0	0.01106	0.02792	0.00705	0.00595	0.15301	0	0.01319	0.01839	0.03366	0.00584	0.00787	0	0	0	0	0	0.0022	0.01638	0.0009	0.14488	0.00485	0	0	0.04382	0	0	0.00913	0	0.20873	0	0.00057	0.00599	0.00295	0	0.01612	0.00542	0.00377	0.05452	0.03446	0.02223	0.09376	0.06795
g__Lawsonibacter	2|1239|186801|186802||2172004	0.05956	0.04851	0.03114	0.00593	0.00092	0.07448	0.11359	0.07954	0.43551	0.00844	0.05485	0.00458	0.01152	0.03487	0.04155	0.02889	0.05855	0.1253	0.00334	0.04026	0.0177	0.00765	0.00544	0	0.01309	0.23096	0.0004	0	0.02122	0	0.00055	0.10126	0.0136	0.04159	0.21374	0.01086	0.01222	0.03482	0	0.00201	0.01625	0.05175	0.01337	0.19512	0.04793	0.00551	0.12899	0.00467	0.00047	0.07334	0.018	0	0.01457	0.08657	0.00953	0.00361	0	0.25042	0.02315	0.00317	0.00127	0.05397	0.01202	0	0.00088	0.00733	0.11785	0.0334	0	0.12976	0.007	0	0.00388	0.0106	0.02058	0	0.02046	0	0.32037	0.00021	0.00363	0.23436	0.00379	0.00055	0.87365	0	0	0	0	0.00272	0	0	0.06056	0	0	0.00725	0.00057	0.04129	0.01114	0.06136
g__Monoglobus	2|1239|186801|186802||2039302	0	0.08196	0.0019	0	0.05402	0.07628	0.13019	0	0	0	0.03019	0	0	0.01315	0.00386	0	0.0215	0.01521	0.00356	0.08247	0	0	0.00382	0.16733	0	0	0.00205	0.02338	0.01307	0	0	0.01109	0	0.78576	0.10354	0	0	0	0	0.16953	0.07146	0.02403	0	0.03824	0	0.27594	0.06299	0	0	0.01811	0	0.0755	0	0	0.04003	0	0	0	0.01557	0	0	0	0	0	0.01459	0.1278	0	0	0.05562	0.00952	0.03162	0	0	0	0.04116	0.03201	0	0.03901	0	0	0.0372	0	0	0	0.01614	0	0.31872	0	0.02638	0.00289	0	0.00314	0.03541	0	0	0	0	0	0	0
g__Anaerofustis	2|1239|186801|186802|186806|264995	0	0	0	0	0	0	0	0	0	0	0	0	0	0	0	0	0	0	0	0	0	0	0	0	0	0	0	0	0	0	0	0	0	0.00116	0	0	0	0	0	0	0	0	0	0	0	0	0	0	0	0	0	0	0	0	0	0	0	0	0	0	0	0	0	0	0	0	0	0	0	0	0	0	0	0	0	0	0	0	0	0	0	0	0	0	0	0	0	0	0	0	0	0	0	0	0	0.00105	0	0	0	0
g__Eubacterium	2|1239|186801|186802|186806|1730	1.4231	0.36414	0.36895	3.16136	2.10455	2.38354	1.1886	1.72526	1.48657	0.28175	4.61195	0.35851	0.41887	0.5973	1.64478	0.25716	0.26566	0.86062	0.65577	0.80149	0.13224	2.96857	2.8781	0.15621	0.32266	1.29507	0.43286	0.05198	4.31373	0.12103	0.51136	1.30218	0.69921	2.40949	0.5332	0.14009	0.66869	0.8193	0.0716	0.47758	0.2347	0.26159	0.02914	2.71441	0.85779	1.26899	0.06924	0.06515	0.30631	0.39865	0.19873	0.02635	1.89791	0.04917	0.45195	1.29773	0.11256	0.37696	1.03612	1.27051	0.90996	0.56604	9.57071	0.06438	0.26001	0.8149	0.26066	0.60514	0.03161	2.1021	0.01879	0.15689	0.02913	0.49338	0.05629	0.06182	0.35463	0.49413	0.07845	0.09957	0.26302	5.58453	0.07802	2.39643	0.46098	0.39745	0.3503	0.00621	1.04784	0.00535	0.00546	0.00602	0.93377	0	0	0.71137	0.61481	0.1872	0.32385	0.36263
g__Mageeibacillus	2|1239|186801|186802|2304686|1637257	0	0	0	0	0	0	0	0	0	0	0	0	0	0	0	0	0	0	0	0.0023	0	0	0	0	0	0	0	0	0	0	0	0	0	0	0	0	0	0	0	0	0	0	0	0	0	0	0	0	0	0	0	0.00136	0	0	0	0	0	0	0	0	0	0	0	0	0	0	0	0	0	0	0	0	0	0.00097	0	0	0	0	0	0	0	0	0	0.00062	0	0	0	0	0	0	0	0	0	0	0	0.00012	0	0	0	0
g__Anaerostipes	2|1239|186801|186802|186803|207244	1.14513	0.03087	0.00537	0.02932	1.06041	0.94534	0.05109	0.02241	0.00656	0.01509	0.05364	0.00226	0.66933	0.0148	0.09026	0.02832	0.01763	0.02487	0.04881	0.07718	0.01123	0	0.0179	0.01225	0.00049	0.18518	0.00262	0	0.4883	0.01753	0.0015	0.22136	0.00023	0.03207	0.00482	0.00013	0.14262	0	0.03259	0.09188	0.07523	0.0997	0.02327	0.52018	0.00538	0.06615	0.07235	0.0033	0.01776	0.00338	0.01172	0.04488	0.0034	0.0124	0.10923	1.45332	0.81946	1.51125	0.00053	0.00178	0.03135	0.05921	0.09091	0	0.01921	0.01048	0.04347	0.03003	0.00447	0.04729	0.08555	0.03735	0.01183	0.03996	0	0.05074	0.19745	0.44844	0	0.00508	0.06196	0.11913	0.00191	0.00117	0.22488	0.02399	0.03052	0.00022	0.00442	0	0.00274	0.00688	0.03242	0.00474	0.00607	0.01369	0.00854	0.04948	0.03344	0
g__Anaerotignum	2|1239|186801|186802|186803|2039240	0	0	0	0	0	0	0.00712	0	0	0	0	0	0	0	0	0.02699	0	0	0	0	0	0	0	0.00456	0	0	0	0.01321	0	0.01421	0.01702	0	0.01853	0	0.00852	0	0	0	0.03895	0	0	0.1613	0	0	0	0	0	0	0	0	0	0.04283	0	0	0	0	0.07715	0	0.02975	0	0	0.03439	0	0.00256	0	0	0	0	0	0	0	0	0	0	0	0	0	0	0	0	0	0	0	0	0.01555	0	0.10407	0	0	0.00137	0.05813	0.00085	0	0	0	0.0238	0.0131	0	0	0
g__Blautia	2|1239|186801|186802|186803|572511	0.41213	0.10027	0.14382	0.28415	0.8298	1.16415	0.1205	0.20474	0.391	0.17286	0.51866	0.60587	0.51029	0.1782	0.624	0.17527	1.12687	0.06076	0.16283	0.26431	0.03643	0.11746	0.11304	0.12815	0.85883	0.44702	0.37783	1.61143	0.39429	1.82406	0.18108	0.31941	0.18131	0.29834	0.07397	0.11001	0.45001	0.03549	0.55628	0.23322	0.0666	0.55308	0.12702	0.29217	0.15198	0.47517	0.9912	0.22587	0.04536	0.11336	0.15424	0.18409	0.0555	0.18702	0.13904	1.65471	1.08155	0.53795	0.15666	0.15809	0.08452	0.06646	0.76618	0.82436	0.06405	0.59242	0.32354	0.39729	0.15992	0.29888	0.19974	0.12383	0.12104	0.96094	0.02835	0.33166	0.58955	0.36818	0.07396	0.0522	0.11065	2.4872	0.15969	0.20611	0.51753	0.18063	0.20048	0.1021	0.12356	0.16593	1.03284	0.05335	15.27771	0.11683	0.09918	0.24726	0.15499	0.10316	0.37557	0.13628
g__Butyrivibrio	2|1239|186801|186802|186803|830	0	0	0	0	0	0	0	0.32571	0	0	0	0	0	0	0	0	0	0	0	0	0	0	0.01278	0	0	0	0	0	0	0	0	0	0	0	0	0	0	0	0	0	0	0	0	0	0	0	0	0	2.15977	0	0	0	0	0	0	0	0	0	0	0	0	0	0	0	0	0	0.29677	9.42294	7.16117	0	0	0	0	0	0	5.10793	0	0	0	0	0	0	0	0	0	0	0	0	0	0	0	0	0	0	0	0	0	0	0	0
g__Coprococcus	2|1239|186801|186802|186803|33042	0.23631	0.0322	0.14555	0.61479	0.28438	1.55379	0.02493	0.30866	0.20088	0.03232	0.02816	0.32902	0.40115	0.01044	0	0.04098	0.01293	0.00101	0.03544	0.16952	0.01724	0.16175	0.04308	0.00467	0	0.13476	0.1978	0	0.0277	0	0.19801	0	0.0766	1.71784	0.02054	0.01714	0.09438	0.66252	0	0.12334	0.04063	0.48378	0.01774	0.11356	0.01037	0.35917	0.02582	0.03552	0.12898	0.61972	0.35577	0.25435	0.03076	0.01535	0	0	1.08145	1.66847	0.10869	0.07371	0.0288	0.04132	0.01363	0.11576	0.05713	0.06649	0	0.4579	0.22153	0.10369	0.08836	0	0.05116	1.4339	0	0.6698	0.09949	0.09959	0.01667	0.04812	0.01755	2.73871	0.05616	0.16745	0	0	0.31794	0.0045	0.04782	0.00734	0	0	0	0	0	0.2567	0.17044	0.0401	0.69282	0.00014
g__Dorea	2|1239|186801|186802|186803|189330	0.22416	0.11043	0.03524	0.41153	0.26658	0.78924	0.17578	0.18704	0.18732	0.09376	0.15231	0.47746	0.28755	0.11458	1.33247	0.21965	0.14142	0.10032	0.10116	0.26112	0.04741	0.63169	0.04922	0.01491	0.19715	0.1132	0.05012	0	0.13106	0	0.03239	0.16286	0.10026	0.11564	0.44318	0.04448	0.06119	0.02433	0.31569	0.17789	0.05859	0.34502	0.14043	1.14388	0.07171	0.83933	0.11795	0.05262	0.05646	0.05682	0.15564	0.02659	0.12944	0.04334	0.09736	0.17456	0.51506	2.68519	0.11712	0.04229	0.19214	0.08648	0.30888	0.00027	0.05238	0.04742	0.03779	0.12367	0.096	0.15652	0.15752	0.02424	0.06703	0.23481	0.02833	0.13013	0.30053	0.22423	0.02474	0.07983	0.16257	3.73972	0.06234	0.12563	0.29561	0.02855	0.07548	0.04511	0.02504	0.09304	0.00184	0.02134	0.04836	0.01089	0.01214	0.77355	0.47794	0.0808	0.37148	0.06658
g__Eisenbergiella	2|1239|186801|186802|186803|1432051	0	0.00132	0	0	0.14298	0	0.01752	0	0	0	0	0	0.0217	0	0.26608	0	0.25762	0.01144	0	0.01379	0	0	0	0	0.01425	0.00533	0	0.55428	0	0	0	0.01615	0	0.01329	0.00683	0	0	0	0.00195	0	0	1.26829	0.16834	0.02685	0	0.00288	0.15124	0	0	0	0	0	0	0	0.01768	0.03557	0	0.02862	0	0	0	0.09316	0.05096	0	0	0	0.00382	0	0	0	0.00068	0	0	0	0	0	0	0	0	0	0	0	0	0	0.06101	0.00168	0	0	0	0	0.53503	0	0	0	0	0.01175	0.00461	0.02091	0	0
g__Faecalicatena	2|1239|186801|186802|186803|2005359	0	0	0	0	0	0	0	0	0	0	0	0	0	0	0	0	0	0.00054	0	0	0	0	0	0	0	0	0	0	0	0	0	0	0	0	0	0	0	0	0	0	0	0	0	0	0	0	0	0	0	0	0	0	0	0	0	0	0	0	0	0	0	0	0	0	0	0	0	0	0	0	0	0	0	0	0	0	0	0	0	0	0	0	0	0	0	0	0	0	0	0	0	0	0	0	0	0	0	0	0	0
g__Fusicatenibacter	2|1239|186801|186802|186803|1407607	0.19456	0.16475	0.14747	0.32418	0.2179	2.59471	3.06229	0.37354	0.05976	0.0164	0.61169	0.05036	0.07918	0.0724	0.30264	0.02411	0.15027	0.02748	0.09395	0.18523	0.01229	0.15123	0.02905	0.07731	0.16506	0.04458	0.52626	0	0.10969	0	0.11502	0.39431	0.1216	0.6425	0.45857	0.00417	0.10387	0.04321	0.37785	0.07754	0.05097	0.047	0.01643	0.45511	0.08852	0.58632	0.63648	0.01904	0.05069	0.07914	0.01066	0.0067	0.00889	0.09817	0.09858	1.59472	1.37566	10.62306	0.12493	0.15326	0.05098	0	0.57258	0.02162	0.06735	0.34918	0.58516	0.76103	0.168	0.25353	0.03579	0.08173	0.02225	0.06992	0.00906	0.11602	0.02876	0.05618	0.00163	0.01384	0.06245	0.02695	0.01784	0.00686	0.18228	0.03672	0.07225	0.02811	0.026	0.04874	0	0	0.03041	0	0	0.1084	0.06612	0.16362	0.02514	0.00992
g__Lachnoclostridium	2|1239|186801|186802|186803|1506553	0.01392	0	0.00316	0.00934	0.24571	0.00396	0.00091	0	0.00148	0	0.00188	0.0027	0.03557	0	0.04014	0	0.07182	0.11493	0.00082	0.00758	0	0.01301	0	0.0013	0.01402	0.00054	0.02648	0.14606	0.00055	0.01973	0	0.04842	0	0.01245	0.04082	0	0	0	0.05494	0.00059	0	0.15508	0.11464	0.0724	0	0.01875	0.11326	0.00709	0	0	0.02638	0.00366	0	0	0.00803	0.16455	0.21348	0.06725	0	0	0.00012	0.08751	0.02784	0.06348	0	0.04325	0.01312	0	0	0.00601	0.0064	0.00143	0	0.02095	0	0	0.00034	0.0026	0	0	0.00773	0	0.00351	0	0.04926	0	0.05843	0	0	0.00206	0.1984	0	0	0	0	0.00024	0	0.00794	0.01888	0.01764
g__Lachnospira	2|1239|186801|186802|186803|28050	0.82415	0.35369	0.17071	0.96591	0	3.53624	0	0	0.2547	0.30223	0.43985	0.1474	0.19569	0.18385	0	0	0.83309	0	0.18187	0.74601	0.08582	0.63586	1.1012	0	0.01234	0.02039	0	0	0	0	0.0346	0	0	0	0	0.0292	0	0	2.15069	0.09898	1.16728	0.03804	0.05988	0	0.03275	0.58	0.61439	0.15485	0	0.22024	0.00439	0.03238	0.21797	0	0	2.16129	0	0.02732	0.06263	0.0036	0	0.52762	0	0	0.36821	0	0.62237	0	0	0.1701	0.60417	0.29641	0.1599	0.44089	0	0	0.05414	0.20786	0	0.05719	0	0	0.08181	0	0.02829	0.14988	0	0.94212	0	0	0	0	0	0	0	0.13308	0.09825	0	0.00771	0
g__Lachnospiraceae_unclassified	2|1239|186801|186802|186803|	0	0.63784	1.07558	0.00644	1.34316	0.07175	2.80371	2.13515	1.37419	0.01338	1.91244	0.70937	5.58304	0.06457	3.21619	0.13115	3.47251	0.22806	0.204	2.21181	0.09268	0	1.96486	0.13547	0	1.03552	0.17893	2.26587	6.81956	0.26838	0.00774	0	0.29023	2.03362	4.86954	0.50764	0.127	0.08114	0.30418	0.27921	0.02518	0.99587	0	0.69651	0.18089	0.01239	2.46699	0.17093	0.02064	0.01752	0.00214	0.08663	0.5848	0.21105	0.79274	12.8097	0.39041	0	2.59093	0.63876	0.50198	0.54336	0	0.03903	0.00902	0.45642	0	2.25906	0.00456	0.1167	0.00177	0.10293	0.33249	0.13812	0.25728	0.03035	0.18937	0.33588	0.37543	0.00827	0	2.17837	0.62708	0.5335	0	0.10536	0.57551	1.23192	0.06436	0.21842	0	0.04666	0	0	0	0.157	0.12424	0	4.88077	3.73029
g__Murimonas	2|1239|186801|186802|186803|1774128	0	0	0	0	0	0	0	0	0	0	0	0	0	0	0	0	0.00138	0	0	0	0	0	0	0	0	0	0	0	0	0	0	0	0	0	0	0	0	0	0	0	0	0	0	0	0	0	0	0	0	0	0	0	0	0	0	0	0	0	0	0	0	0	0	0	0	0	0	0	0	0	0	0	0	0	0	0	0	0	0	0	0	0	0	0	0	0	0	0	0	0	0	0	0	0	0	0	0	0	0	0
g__Roseburia	2|1239|186801|186802|186803|841	2.69094	1.50336	1.73533	4.23477	0.19203	9.17703	0.91971	0.98041	1.02469	0.9103	2.33242	3.74545	1.3508	2.46936	0.28008	0.03418	5.13483	0.74775	5.69323	0.23747	0.25913	4.70886	2.31637	0.95032	1.08782	0.51788	2.68634	0	2.6948	0	1.38297	1.07775	0.1032	0.03005	0.30339	0.29067	1.93798	1.26014	1.95457	6.17529	1.55841	0.40773	1.52397	1.09464	0.72981	8.50187	1.04486	0.16463	1.86401	2.07271	1.01017	2.0775	1.07789	0.12041	0.1778	1.28009	5.27932	0.24857	0.73756	1.1395	1.94507	0.72448	1.51922	0.3289	3.59196	0.25758	4.21404	0.56055	2.28587	1.49461	0.3935	0.77736	0.00053	2.07577	0.01769	10.68801	1.95011	1.62561	0.48965	0.53024	0.0905	0.77567	0.65891	0.54597	0.29316	1.26546	2.88309	0.80445	1.28794	0.01768	0	0	1.03148	0.23181	0.25441	1.11292	0.86532	0.09501	2.10294	1.83546
g__Sellimonas	2|1239|186801|186802|186803|1769710	0	0	0	0	0	0	0	0	0	0	0	0	0	0	0.06244	0	0.05156	0.00035	0	0	0	0	0	0	0.02469	0	0	0.01437	0	0	0	0	0	0.1379	0	0	0	0	0	0	0	0.00021	0	0.00877	0	0	0.28653	0	0	0	0	0.0021	0	0	0.00143	0.13645	0.00363	0	0	0	0	0	0	0	0	0	0	0	0	0	0	0	0	0	0	0	0	0	0	0	0	0	0	0	0	0	0.00685	0	0	0	0	0	0	0	0	0	0	0.01357	0	0
g__Tyzzerella	2|1239|186801|186802|186803|1506577	0	0	0	0	0	0	0	0	0	0	0	0	0	0	0	0	0	0	0	0	0	0	0	0.00028	0	0	0	0.09643	0	0.01458	0	0	0	0	0	0	0	0	0	0	0	0	0	0	0	0	0.00085	0	0	0	0	0	0	0	0	0.00433	0.00057	0	0	0	0	0	0	0.00131	0	0	0	0	0	0	0	0	0	0	0	0	0	0	0	0	0	0	0	0	0	0	0	0	0	0	0	0	0	0.00175	0.0019	0	0	0	0	0
g__Oscillibacter	2|1239|186801|186802|216572|459786	2.30673	2.81788	2.49163	1.88909	0.51222	0.70361	0.0004	0.20958	1.43823	0.40958	0	2.93522	0.64986	9e-05	0.00018	0.60458	0	0.29546	1.35733	0.37624	0.17382	3.17597	0.50801	0	0	0.50831	3.15514	0.66453	0.52583	0	0.28702	3.94299	1.04111	0.42722	0	0.21544	1.82037	1.96625	0	6.09464	0.14023	0	0.38005	1.42745	0	0.75775	0	0	1.27633	1.02655	1.31278	0	0.37862	0.10141	0	0.59378	0	7.25284	2.42606	3.23007	0.77102	0.7774	1.01841	0	1.29628	0.69552	0	6.39499	1.30391	5.46686	1.12382	0	0	6.5449	0.2143	2.97144	0.64596	0	0.3408	0.84342	1.07311	5.99532	0	0.76423	0.21645	0	0	0	0.35681	0.02402	0	0	2.03355	0.01201	0.00746	1.09904	0.74793	0.65971	1.11139	2.62289
g__Clostridioides	2|1239|186801|186802|186804|1870884	0	0	0	0	0	0	0	0	0	0	0	0	0	0	0	0	0	0	0	0	0	0	0	0	0	0	0	0	0	0	0	0	0	0	0	0	0	0	0	0	0	0.01233	0	0	0	0	0	0	0	0	0	0	0	0	0	0	0	0	0	0	0	0	0	0	0	0	0	0	0	0	0	0	0	0	0	0	0	0	0	0	0	0	0	0	0	0	0	0	0	0	0	0	0	0	0	0	0	0	0	0
g__Criibacterium	2|1239|186801|186802|186804|1937664	0	0	0	0	0	0	0	0	0	0	0	0	0	0	0	0	0	0	0	0.00932	0	0	0	0	0	0	0	0	0	0	0	0	0	0	0	0	0	0	0	0	0	0	0	0	0	0	0	0	0	0	0	0	0	0	0	0	0	0	0	0	0	0	0	0	0	0	0	0	0	0	0	0	0	0	0	0	0	0	0	0	0	0	0	0	0	0	0	0	0	0	0	0	0	0	0	0	0	0	0	0
g__Intestinibacter	2|1239|186801|186802|186804|1505657	0	0	0	0	0	0	0	0	0	0	0.00277	0	0	0	0	0	0.00689	0	0	0	0.02539	0	0	0.01849	0.01729	0	0	0.00948	0	0	0	0.00658	0	0	0	0	0	0	0	0	0.00226	0	0	0.02752	0	0.00029	0.01404	0	0	0	0	0	0	0	0	0.06014	0.01926	0.10346	0	0	0.00116	0	0	0	0	0	0	0	0.05521	0.00402	0	0	0	0	0	0.05847	0.00019	0	0	0	0	0	0	0	0.00095	0	0	0	0	0	0	0	0	0	0	0	0	0	0	0
g__Peptostreptococcus	2|1239|186801|186802|186804|1257	0	0	0	0	0.01009	0	0	0	0	0	0	0	0	0	0	0	0	0	0	0	0.00067	0	0	0	0	0	0	0	0	0	0	0	0	0	0	0	0	0	0	0	0	0	0	0	0	0	0	0	0	0	0	0	0	0	0	0	0	0	0	0	0	0	0	0	0	0	0	0	0	0	0	0	0	0	0	0	0	0	0	0	0	0	0	0	0	0	0	0	0	0	0	0	0	0	0	0	0	0	0	0
g__Romboutsia	2|1239|186801|186802|186804|1501226	0	0	0	0	0	0	0	0	0	0	0	0	0	0	0	0	0	0	0	0	0	0	0	0	0	0	0	0	0.00067	0	0	0	0	0	0	0	0	0	0	0.00016	0	0	0	0	0	0	0	0	0	0	0	0	0	0	0	0	0	0.00101	0	0	0	0	0	0	0	0	0	0	0	0	0	0	0	0	0	0.00096	0	0	0	0	0	0	0	0	0	0	0	0.00015	0	0	0	0	0	0	0	0	0	0	0	0
g__Agathobaculum	2|1239|186801|186802|541000|2048137	0.28022	0.04479	0.00337	0.04863	0.02544	0.06421	0.02442	0.02877	0.09684	0.02222	0.0591	0.0137	0.02743	0.11213	0.00577	0.0083	0.07761	0.03795	0.001	0.04205	0.02954	0.03187	0	0.00283	0	0.00899	0.02196	0.00793	0.04064	0	0	0.00707	0.00382	0.0828	0.00576	0.00061	0.15994	0.05216	0.05893	0.0562	0	0.00134	0.0515	0.03621	0.01541	0.11722	0.06865	0.00355	0.00887	0.02221	0.06814	0.00617	0	0	0.00662	0.16416	0.12733	0.00502	0.00645	0.03077	0.04466	0.08269	0.12073	0	0	0.02077	0	0.17008	0	0.27625	0.04021	0.02246	0.02898	0.04042	0.00054	0	0.21774	0.08109	0.01391	0.03502	0.0775	0.03343	0.02547	0.01762	0	0.00775	0.07269	0.0139	0.01718	0	0	0.02726	0.01223	0.00054	0	0.15956	0.08082	0.03846	0.07539	0.01628
g__Anaeromassilibacillus	2|1239|186801|186802|541000|1924093	0	0.00689	0	0	0.00251	0.05943	0.00213	0.00129	0	0	0	0	0.00632	0	0	0	0	0.00755	0.00294	0.02593	0	0	0	0.0008	0	0.00082	0	0.07454	0.00548	0	0	0.01113	0	0.00701	0.01376	0.00088	0	0	0	0.00426	0	0	0	0.01865	0.00277	0.00104	0.00496	0	0	0.00532	0	0.00683	0	0	0	0.02591	0	0	0	0.01329	0.0047	0	0	0	0	0	0.0227	0.00145	0.0022	0	0	0	0	0.01018	0	0.00717	0	0	0.00471	0	0	0.03766	0	0	0.00562	0	0.01454	0	0	0	0	0	0	0	0	0.05393	0.02991	0.01657	0	0
g__Anaerotruncus	2|1239|186801|186802|541000|244127	0	0	0	0.03489	0	0.00152	0.00143	0	0.00969	0	0	0.00145	0.0027	0	0.01725	0.00931	0.02434	0.04761	0	0.04542	0	0.00915	0	0.00613	0.00371	0.06537	0.00088	0.31391	0	0	0	0.05939	0.0007	0.00164	0.00604	0	0.00615	0	0.00376	0	0	0.2307	0.0726	0.0596	0	0.08124	0.09545	0	0	0	0	0.00293	0	0	0.00678	0.058	0	0	0	0	0	0.00456	0.0079	0	0	0.004	0.00872	0	0	0	0.00039	0	0	0	0	0	0	0	0	0	0	0	0	0	0.35084	0	0.01704	0	0	0.00103	0.3556	0	0	0	0	0.01454	0.0028	0.04031	0.00019	0.00512
g__Faecalibacterium	2|1239|186801|186802|541000|216851	6.60054	9.58308	3.15057	14.04228	5.16561	7.7399	0.8143	3.0985	5.02489	0.63606	14.85168	9.39998	3.18518	1.64736	5.46042	2.064	3.52758	0.37636	11.26057	2.89694	1.43189	8.83995	0.78543	0.71983	0.57641	0.34228	4.48045	0.64243	2.63472	0.00583	1.32022	5.75838	1.34612	5.18324	4.01401	0.36254	2.38674	5.45364	1.67059	4.39563	0.12145	1.50716	1.46477	1.57698	3.74326	5.25413	5.12479	0.09136	0.97011	2.21807	2.89711	1.75213	1.43033	0.50986	1.87335	4.87775	6.78842	2.9762	1.84439	9.25035	3.7772	3.03806	2.73782	0	6.56513	7.05914	1.86441	6.27958	1.59353	4.4738	0.63709	0.49708	0.2795	27.84448	0.20852	1.64542	3.52327	2.56495	1.57113	0.41434	0.30519	4.75319	0.24824	0.48757	0.42611	1.03347	2.1205	0.53391	2.06142	0.23172	0	0.10735	0.30547	0.01411	0.0136	4.75769	4.89698	1.29829	2.59098	3.12746
g__Flavonifractor	2|1239|186801|186802|541000|946234	0.0415	0.1472	0.02383	0.11895	0.253	0.04174	0.09041	0.00358	1.31395	0.01683	0.01932	0.07909	0.0467	0.01126	1.26366	0.11082	0.17382	0.05613	0.00551	0.09751	0.00786	0.05041	0.05788	0.01412	0.55539	0.08984	0.06871	0.99665	0.00899	0.52317	0.0179	0.19566	0.02932	0.02102	0.10779	0.02543	0.02717	0	0.3165	0.00914	0.01489	0.74747	4.60575	0.15008	0.05665	0.09569	0.59069	0.10984	0	0.02024	0.01822	1.49682	0.00055	0.3922	0.08432	0.59541	2.22816	0.26994	0.33553	0.00705	0.01489	0.29535	0.00947	0.17427	0.02695	0.07302	0.24028	0.00308	0.00497	0.01214	0.21602	0.15857	0.03574	0.04787	0.01707	0.00331	0.00222	0.08927	0	0.00491	0.04626	0.00408	0.05859	0.00192	1.03568	0.09571	1.54609	0.03656	0.00098	0.08413	0.47956	0.0197	0.04896	0.05412	0.04613	0.15042	0.09136	0.45306	0.01386	0.05128
g__Gemmiger	2|1239|186801|186802|541000|204475	0.05417	0.31247	0.02263	0	0.16486	0.18707	0.04496	0.10494	0.07104	0.03111	0.08832	2.16957	0.13057	0.06529	0.02674	0.38865	0	0	0.00907	0.02547	0.05722	0	0.03138	0.00928	0	0.06652	0.04617	0	0.13031	0	0.00175	0.13197	0.22692	0.83599	0.21241	0.00284	0.0255	0.09003	0	0.00217	0.00696	0.03447	0.05294	0	0.34426	0	0	0	0.09926	0.00912	0.01157	0.02916	0.02506	0	0.00416	0.43469	0	0.10142	0.01695	0.09911	0.01992	0.51398	0.15793	0	0.08609	0.0867	0	0.10524	0.0286	0.05627	0.13031	0	0.0077	0.03142	0.01462	0.34791	0.08733	0.06339	0.03009	0.06864	0.39527	0.02912	0	0.00495	0.16684	0	0.05109	0.00028	0.00586	0.00676	0	0	0.40421	0	0	0.18764	0.12834	0.00158	0.05229	0.10618
g__Harryflintia	2|1239|186801|186802|541000|1892380	0	0	0	0	0	0.01281	0	0	0	0	0	0	0	0	0	0	0.00023	0	0	0	0	0	0	0	0	0.00212	0.00053	0	0.00325	0	0	0	0	0.01672	0.0048	0	0	0	0	0	0	0	0	0	0	0.00891	0	0	0	0.00417	0	0	0	0	0	0	0	0	0	0	0	0.03258	0	0	0	0	0.00181	0	0	0	0	0	0	0.00046	0	0	0	0	0	0	0	0	0	0	0	0	0	0	0	0	0	0	0	0	0	0	0	0.00516	0.0002	0
g__Pseudoflavonifractor	2|1239|186801|186802|541000|1017280	0	0	0	0	0	0	0	0	0	0	0	0	0.0003	0	0	0	0	0	0	0	0	0	0	0	0	0	0	0	0	0	0	0.00153	0	0.01359	0	0	0	0	0	0	0	0.0005	0	0	0	0	0	0	0	0.00142	0	0	0	0	0	0	0	0	0	0	0	0	0	0	0	0	0	0	0	0	0	0	0	0	0	0	0	0	0	0	0	0.00303	0	0	0	0	0	0	0	0	0	0	0	0	0	0	0	0.00493	0.0024	0
g__Ruminococcaceae_unclassified	2|1239|186801|186802|541000|	0.02672	0.07668	2.26458	0.0138	0.34623	0.0267	0.69115	0.35748	0.15416	0	0.04394	0.05595	0.09421	0.01964	2.2308	0.00984	0.09018	0.95798	0.00485	0.14243	0.00945	0.00129	0.00068	0.01358	0.09878	1.18466	3.70418	2.57662	4.38221	0.00637	0	0.06889	0	1.92396	0.44508	0.04114	0.16293	0.30815	0.00094	0.02911	0.00779	0.0781	0.15324	2.60388	0.03179	0.00856	2.12028	0.00255	0.04821	0.09096	0.04354	0.00418	0.01557	0.00075	0.12065	0.07438	0	1.22736	0.03643	4.86583	0.00453	0.08321	0.00997	0.01415	0.01131	3.85794	0.12154	0.09945	0.55071	0.16407	0.01346	0	0	1.11082	0	0.96481	0.10981	0.05388	0.01621	0.00747	0	6.07399	0.00205	0.01813	0.05606	0	0.03638	0	0	0.01823	0.0118	0.00118	3.32287	0.00091	0.00032	1.1076	0.66669	0.58122	0.07707	0.01763
g__Ruminococcus	2|1239|186801|186802|541000|1263	3.20335	2.40306	2.49657	0.71029	6.38988	4.61399	2.62979	1.39359	0.37103	0.04756	1.85467	4.58742	1.02051	0.52835	0.43009	0.13397	7.00614	0	3.12832	0.06113	0.47297	0.85148	0	2.74213	0.22651	1.31013	2.10804	0	0.30467	0.00191	0.36183	2.29673	0.06429	9.54086	0.62695	0	9.19668	0.08213	0	1.88782	0.02364	0.02246	3.05169	0	0.6858	0.76581	9.69961	0.00182	0.37048	1.39324	0.69982	0.43475	0.59006	0.03562	0.0121	2.85144	0.34447	0.83637	3.31495	0.11697	15.70273	0.00692	0	0	0.16301	2.20126	6.59585	1.885	0.46856	0.43696	0.97983	0.59069	0	0.00733	0.31744	0.49759	3.65328	1.1044	7.43534	0.74051	0.3463	3.29694	0.56268	0.03304	0.14818	2.38047	1.32858	0	12.92732	0.01891	0	0	45.11352	0	0.0072	20.55011	20.61992	0.41611	1.36662	0.3713
g__Ruthenibacterium	2|1239|186801|186802|541000|1905344	0.17267	0.16093	0.1341	0.13456	0.80386	0.04994	0.0208	0.01194	0.18462	0.04004	0.06365	0.16371	0.23342	0.01646	2.01433	0.14585	0.04475	0.08504	0.06786	0.27402	0	0.26965	0	0.00211	0.09914	0.38461	0.16045	1.14378	0.04682	0.15326	0.03267	0.9123	0.0691	0.21978	0.07427	0.018	0.14429	0.03568	0.13955	0.00818	0.0304	18.35541	2.36468	0.07189	0.07722	0.41487	0.13626	0.2822	0.02079	0.0377	0.18967	0.72045	0.03283	0.11439	0.03944	0.42691	0.12732	0.32884	0.45197	0.03864	0.00831	0.30001	0.08862	0.02267	0.04541	0.32827	0.22676	0.0674	0.10357	0.02985	0.28667	0.05874	0	0.16361	0.00105	0.10661	0.02903	0.05747	0.09124	0.03271	0.14197	0.11961	0.03832	0.03946	6.66095	0.06598	0.47687	0	0.0084	0.02369	0.2663	0.02838	0.03955	0.00331	0.00237	0.35238	0.2271	1.02238	0.04754	0.07327
g__Absiella	2|1239|526524|526525|128827|2057233	0	0	0	0	0	0	0	0	0	0	0	0	0	0	0.00752	0	0	0	0	0	0	0	0	0	0	0	0	0.04006	0	0.14298	0	0	0	0	0	0	0	0	0.00161	0	0	0.03692	0	0	0	0	0	0.00546	0	0	0	0	0	0	0	0.0277	0	0	0	0	0	0	0	0	0	0	0	0	0	0	0	0	0	0	0	0	0	0	0	0	0	0	0	0	0	0	0	0	0	0	0	0	0	0	0	0	0	0	0.00272	0
g__Candidatus_Stoquefichus	2|1239|526524|526525|128827|1470349	0	0	0	0	0	0	0	0	0	0	0	0	0	0	0.0457	0	0	0	0	0	0	0	0	0.00301	0	0.00383	0	0.07259	0	0	0	0	0	0	0	0	0	0	0	0	0	0	0	0	0	0	0	0	0	0	0	0	0	0	0.00323	0.01994	0.09978	0	0.00367	0	0	0	0	0	0	0	0	0	0	0	0	0	0	0	0	0	0	0	0	0	0	0	0	0	0	0	0	0	0	0	0.02426	0	0	0	0	0.00182	0	0	0	0
g__Catenibacterium	2|1239|526524|526525|128827|135858	0	0	0	0	0	0	0	0	0.03353	0	0	0	0	0	0	0.00659	0	0	0	0	0.00386	0	0	0	0	0	0	0	0	0	0	0	0.01262	0	0	0	0	0	0	0	0	0	0	0	0	0	0	0	0	0	0	0	0.01128	0	0	0	0	0	0	0	0	0	0	0	0	0	0	0	0	0	0	0	0	0	0	0	0	0	0	0	0	0	0	0.00901	0	0	0	0	0	0.01648	0	0	0	0	0	0	0	0.00928	0	0.04408
g__Coprobacillus	2|1239|526524|526525|128827|100883	0	0	0	0	0	0	0	0	0	0	0	0	0.00548	0	0.00228	0	0.04301	0	0	0	0	0	0	0	0	0	0	0	0	0	0	0.64577	0	0	0	0	0	0	0	0	0	0.65436	0.01271	0.00056	0	0.04511	0.3683	0	0	0	0	0	0	0	0	0.00852	0.05175	0	0	0	0	0	0	0	0	0	0	0	0	0	0	0	0	0	0	0	0	0	0	0	0	0	0	0	0	0	0	0	0	0	0	0	0	0	0	0	0	0	0	0
g__Dielma	2|1239|526524|526525|128827|1472649	0.0025	0	0	0	0	0	0.01152	0.00113	0	0.00241	0.00019	0	0.00284	0	0.0012	0.00114	0	0.0498	0	0	0	0	0	0	0.01249	0	0	0.04692	0.00568	0	0	0.01353	0	0.0007	0.00023	0	0	0	0	0	0.00037	0.09577	0	0.01949	0	0.01708	0	0	0	0	0	0	0.00031	0.00276	0.00068	0.00542	0.0724	0.02074	0	0	0	0.03938	0.00322	0	0	0	0.01373	0	0	0	0	0	0	0	0	0	0	0	0	0	0	0	0	0	0.04874	0	0	0	0	0	0	0	0.01144	0.00134	0.00075	0.0063	0	0.01912	0	0.01642
g__Erysipelatoclostridium	2|1239|526524|526525|128827|1505663	0.07521	0.02135	0.02578	0.00176	0.38946	0	0.00454	0.00871	0.04231	0	0	0.06252	0.04637	0.00094	0.02639	0.02729	0.07063	0.0021	0.06258	0.02616	0	0	0.00842	0.15137	0.0458	0.01889	0.00997	0.20337	0	0.19217	0.00587	0.03347	0.0212	0.02244	0.0012	0.00054	0.01894	0	0.00038	0.01865	0	0.0575	0.32011	0.0022	0.02219	0.02462	0.13694	0	0	0	0	0.04031	0	0.00221	0.00172	0.05755	0.14413	0.0135	0.00286	0	0.0026	0	0	0.01465	0.00629	0.01324	0	0.1478	0.02451	0.04039	0.05672	0	0	0	0	0.0253	0.0475	0	0	0	0.02853	0	0	0	0.13573	0	0.00634	0	0	0	0.01328	0	0.35812	0.00021	0.00274	0.01902	0.00866	0.00947	0	0
g__Faecalitalea	2|1239|526524|526525|128827|1573534	0	0	0	0	0	0	0	0	0	0	0	0	0	0	0	0.01192	0	0	0	0.12787	0	0	0	0	0	0	0	0	0	0	0	0	0	0	0	0	0	0	0	0	0	0	0	0	0	0	0	0	0	0	0	0	0	0	0	0	0	0	0	0	0	0	0	0	0	0	0.05119	0	0	0	0	0	0	0	0	0	0	0	0	0	0	0.09484	0	0	0	0	0	0	0	0	0	0	0	0	0	0	0	0	0.01964	0
g__Holdemanella	2|1239|526524|526525|128827|1573535	0	0	0	0	0.02925	0	0	0.23324	0.02517	0	0	0.00287	0	0	0	0	0	0	0	0.00065	0.00031	0	0.08706	0	0	0	0	0	0	0	0.00758	0	0	0	0	0.00435	0	0	0	0	0	0	0	0	0	0	0	0	0	0	0	0	0.00484	0.01915	0	0	0	0	0.02277	0	0	0	0	0	0	0	0	0	0	0	0	0	0	0	0	0	0	0.01665	0	0	0	1.15107	0	0.00159	0	0	0	0	0	0.00357	0	0	0	0	0	0	0	0.01807	0	0.04315
g__Holdemania	2|1239|526524|526525|128827|61170	0	0.01313	0.02627	0.03413	0	0	0.00551	0.00108	0.03078	0.01346	0.00562	0.02322	0.03046	0.00415	0	0	0.00645	0	0	0.01895	0	0.01118	0.00426	0.00016	0.09994	0.09027	0.03201	0	0.00688	0	0	0.02429	0	0.03906	0.01315	0.0041	0	0.00786	0.00256	0	0	0.06832	0	0	0.0019	0.09222	0.01783	0.00067	0	0	0.0033	0	0	0	0	0.12661	0	0	0.02404	0.05163	0.00239	0.13239	0.04507	0	0.00065	0.0415	0	0.03964	0	0	0.04633	0.00619	0	0.02284	0	0.0002	0	0	0	0.00741	0.02299	0.01151	0.00071	0	0.02464	0.00031	0	0	0	0	0	0.00072	0.00069	0	0	0.00792	0.00401	0.03809	0.01307	0.04756
g__Massiliomicrobiota	2|1239|526524|526525|128827|1924110	0	0	0	0	0	0.00077	0	0	0	0	0	0	0.00454	0	0	0	0.00598	0	0	0	0	0	0	0	0	0	0	0	0	0	0	0	0	0	0	0	0	0	0	0.01732	0	0	0	0	0	0	0.01252	0	0	0	0	0	0	0	0	0	0	0	0	0	0	0	0	0	0	0	0	0	0	0	0	0	0	0	0	0	0	0	0	0	0	0	0	0	0	0	0	0	0	0	0	0	0	0	0	0	0	0.00395	0	0
g__Solobacterium	2|1239|526524|526525|128827|123375	0	0	0	0	0.00398	0	0	0	0	0	0	0	0	0	0	0	0	0	0	0.03412	0	0	0	0	0	0	0	0.00463	0	0	0	0.00097	0	0	0	0	0	0	0	0	0	0	0	0	0	0	0	0	0	0	0	0	0	0	0	0	0	0	0	0	0	0	0	0	0	0	0	0	0	0	0	0	0	0	0	0	0	0	0	0	0	0	0	0	0.00733	0	0	0	0	0	0	0	0	0	0	0	0	0	0	0
g__Turicibacter	2|1239|526524|526525|128827|191303	0	0	0.00227	0	0	0.00252	0	0.00057	0	0	0	0	0	0.03642	0	0	0.00084	0	0	0	0	0	0	0	0	0	0.00801	0	0.00039	0	0	0	0	0	0	0	0	0	0	0	0.01284	0	0	0	0	0	0.00035	0	0	0	0	0.01988	0	0	0	0.00055	0.00256	0	0	0	0.00691	0	0	0	0	0.00393	0	0	0.03088	0	0	0	0	0.00285	0	0.02032	0	0	0	0	0	0	0	0.06026	0	0	0.00046	0	0	0	0	0	0	0	0	0	0	0	0	0
g__Firmicutes_unclassified	2|1239||||	0.14023	1.07234	0.47083	0.76398	0.36457	0.12816	0.01381	0.05471	4.48838	0.01252	0.18076	2.69081	1.68014	0.09172	0.59673	0.00317	0.25171	0.00666	0.26091	0.0854	0.12948	0.5434	0.04385	0.00282	0	0.05716	0.18676	0.07412	0.14312	0.17863	0.00861	1.46594	0	0.92376	0.1472	0.02458	0.09047	0.04509	0	0.05064	0.01178	0.84873	0.46814	0.02231	0.1714	0.63946	0.93452	0.01026	0.50314	0.03415	0.10013	0.00775	0.47978	0.00977	0.06041	0.92976	0.38141	1.01309	0.63053	0.01424	0.14065	0.18981	1.24036	0	0.68799	0.34359	0.17509	0.78864	0.26177	1.00753	0.30758	0	0	13.45822	0.00729	0.20305	0.18186	0	0.00829	0.07578	0.06607	0.32348	0.02021	0.05615	0.32988	0	0.03921	0.00375	0.331	0.01396	0	0.36793	0.33419	0	0	5.0268	5.01429	0.20779	0.13051	0.04273
g__Acidaminococcus	2|1239|909932|1843488|909930|904	0	0	0	0	0	0	0	0	0	0	0	0	0	0	0	0	0	0	0	0	0	0	0	0	0	0	0	0	0	0.24271	0.05573	0	0	0	0	0	0	0	0	0	0	0	0	0	0	0	0	0	0	0	0	0.06211	0	0	0	0	0	0	1.76781	0.57657	0.00533	0	0	0	0.08682	0	0	0	0	0	0	0	0	0	0.16523	0	0	0	0	0	0	0.34784	0	0	0	0	2.52698	0.16604	0	0.36689	0	0.06382	0	0	0	0	0	0	0	0
g__Phascolarctobacterium	2|1239|909932|1843488|909930|33024	0.16698	0.00403	0	0	0.51441	0	0.32589	0.31717	0.00243	0.43596	0	0	0.42818	0	0.12258	0.36266	0.08039	0.59915	0.07184	0.25366	0	0	1.2873	0.02191	0	0.11861	0	0	0.37126	0	0.03535	0	0.39796	0	0.50239	0	0.00885	0	0	0.06927	0	0.04166	0.34103	0.58779	0	0	0.09862	0.11402	0.26496	0	1.80004	0.35854	0	0.34751	0.04925	0	0.23196	1.01696	0.30838	0.12823	0.00491	0.4901	0.22509	0	0	0	0.03763	0.64171	0.35375	0.00129	0.42543	0.39612	0	9.86581	0	0.2302	0.00578	0	0.00136	0.15732	0.38508	9.09335	0.10958	0	0	0.19464	0.62647	0	0	0	0	0.00023	1.16013	0.06779	0.05115	0.09215	0.13283	1.12286	0.68015	0
g__Megamonas	2|1239|909932|909929|1843491|158846	0	0	0	0	0	0	0	0	0	0	0	0	0	0	0	0	0	0	0	0	0	0	0	0	0	0	0	0	0	0	0	0	0	0	0	0	0	0	0	0	0	0	0	0	0	0	0	0.02305	0	0	0	0	0	0	0	0	0	0	0	0	0	0	0	0	0	0	0	0	0	0	0	0	0	0	0	0	0	0	0	0	0	0	0.0192	0	0	0	0	0	0	0	0	0	0	0	0	0	0	0.00133	0	0
g__Mitsuokella	2|1239|909932|909929|1843491|52225	0	0	0	0	0	0	0	0	0	0	0	0	0	0	0	0	0	0	0	0	0	0	0	0	0	0	0	0	0	0	0	0	0	0	0	0	0	0	0	0	0	0	0	0	0	0	0	0	0	0	0	0	0	0	0	0	0	0	0	0	0	0	0	0	0	0	0	0	0	0	0	0	0	0	0	0	0	0	0	0	0	0.00514	0	0	0	0	0	0	0	0	0	0	0	0	0	0	0	0	0	0
g__Allisonella	2|1239|909932|1843489|31977|209879	0	0	0	0	0	0	0	0	0	0	0	0	0	0	0	0.00682	0	0	0	0	0	0	0.02357	0	0	0	0	0	0	0	0	0.01719	0.00111	0	0	0	0	0	0	0	0	0	0	0	0	0	0	0	0	0	0	0	0	0	0	0	0	0	0	0	0	0	0	0	0	0	0	0	0	0	0	0	0	0	0	0	0	0	0	0	0	0	0	0	0.00296	0	0	0	0	0	0	0	0	0	0	0.03175	0.01705	0	0	0
g__Dialister	2|1239|909932|1843489|31977|39948	0	0.06383	0.00616	0.21172	0	0.7806	0	0.08365	0	0	0.63098	0	0	0.20075	0	0	0	0	0	0.00437	0.14027	0.85803	0	0.03884	0.10355	0	0.01204	0.15345	0.01186	0.08968	0	0.24022	0	0	0	0	0.01159	0.02687	0.07157	0	0.15838	0	0	0	0.18585	0.48783	0	0	0.17328	0.11456	0	0.00014	0	0	0	0.21617	0	0	0	0	0.09715	0	0	0.16219	0.11648	0	0.06567	0	0.03	0.03644	0	0	0	0	0.1449	0	0.04755	0.26481	0.32271	0	0	0	0	0.52325	0.29892	0	0.01176	0.23809	0.01133	0.20479	0.0958	0	0	0.0025	0.00313	0.47616	0.41277	0.34421	0	0.4187
g__Megasphaera	2|1239|909932|1843489|31977|906	0	0	0	0	0	0	0	0	0	0	0	0	0	0	0	0	0	0	0	0	0	0	0	0	0	0	0	0	0	0.01214	0	0	0	0	0	0.1345	0	0	0	0	0	0.01567	0	0	0	0	0	0	0	0	0	0	0	0	0	0	0	0	0	0	0	0	0	0	0	0	0	0	0	0	0	0	0	0.00353	0	0	0	0	0	0	0	0.20794	0	0	0	0	0	0.01161	0	0	0	0	0	0.00296	0.00277	0	0	0	0	0
g__Veillonella	2|1239|909932|1843489|31977|29465	0.00526	0.00469	0	0.00127	0	0.00106	0	0.0061	0.00206	0	0.03221	0.0121	0	0.00246	0	0	0.00454	0.00016	0	0	0.01573	0.00331	0.09257	0.03008	0.65363	0	0.00237	0	0.05961	0.26369	0.01284	0.01819	0.00318	0	0	0	0.00195	0.03279	0.00111	0.0032	0	0	0	0.02339	0.00397	0.10109	0	0.00199	0.03886	0.04216	0.05078	0.0097	0.00945	0	0.00115	0.26064	0.04015	0.01326	0	0	0.00808	0.00533	0.02732	0.0165	0.06097	0	0	0.01122	0.01366	0.00301	0.00202	0.02795	0.00729	0.07763	0	0.1081	0.00501	0.00535	0	0.00361	0.0015	0	0	0.15013	0.03133	0.03321	0.01136	0.02586	0	0.00043	0.05109	0.00304	0.00399	0.00586	0.01361	0.01573	0.01452	0.00308	0.03253	0.0458
g__Anaerococcus	2|1239|1737404|1737405|1570339|165779	0	0	0	0	0.00165	0	0	0	0	0	0	0	0	0	0	0	0	0	0	0	0	0	0	0	0	0	0	0	0	0	0	0	0	0	0	0	0	0	0	0	0	0.00841	0	0	0	0	0	0	0	0	0	0	0	0	0	0	0	0	0	0	0	0	0	0	0	0	0	0	0	0	0	0	0	0	0	0	0	0	0	0	0	0	0	0	0.00113	0	0	0	0	0	0	0	0	0	0	0	0	0	0	0
g__Finegoldia	2|1239|1737404|1737405|1570339|150022	0	0	0	0	0	0	0	0	0	0	0	0	0	0	0	0	0	0	0	0	0	0	0	0	0	0	0	0	0	0	0	0	0	0	0	0	0	0	0	0	0	0.00432	0	0	0	0	0	0	0	0	0	0	0	0	0	0	0	0	0	0	0	0	0	0	0	0	0	0	0	0	0	0	0	0	0	0	0	0	0	0	0	0	0	0	0	0	0	0	0	0	0	0	0	0	0	0	0	0	0	0
g__Parvimonas	2|1239|1737404|1737405|1570339|543311	0	0	0	0	0.44608	0	0	0	0	0	0	0	0	0	0	0	0	0	0	0	0	0	0	0	0	0	0	0	0	0	0	0	0	0	0	0	0	0	0	0	0	0.02066	0	0	0	0	0	0	0	0	0	0	0	0	0	0	0	0	0	0	0	0	0	0	0	0	0	0	0	0	0	0	0	0	0	0	0	0	0	0	0	0	0	0	0	0	0	0	0	0	0	0	0	0	0	0.00057	0	0	0	0
g__Peptoniphilus	2|1239|1737404|1737405|1570339|162289	0	0	0	0	0.00169	0	0	0	0	0	0	0	0	0	0	0	0	0	0	0.00195	0	0	0	0	0	0	0	0.00555	0	0	0	0	0	0	0	0	0	0	0	0	0	0.01739	0	0	0	0	0	0	0	0	0	0	0	0	0	0	0	0	0	0	0	0	0	0	0	0	0	0	0	0	0	0	0	0	0	0	0	0	0	0	0	0	0	0	0.0063	0	0	0	0	0	0	0	0	0	0	0	0	0	0	0
g__Tissierellia_unclassified	2|1239|1737404|||	0	0	0	0	0	0	0	0	0	0	0	0	0	0	0	0	0	0	0	0.00362	0	0	0	0	0	0	0	0	0	0	0	0	0	0	0	0	0	0	0	0	0	0	0	0	0	0	0	0	0	0	0	0	0	0	0	0	0	0	0	0	0	0	0	0	0	0	0	0	0	0	0	0	0	0	0	0	0	0	0	0	0	0	0	0	0	0	0	0	0	0	0	0	0	0	0	0	0	0	0	0
g__Fusobacterium	2|32066|203490|203491|203492|848	0	0	0	0	0	0	0	0	0	0	0	0.00797	0	0	0	0	0	0	0	0.00756	0.00234	0	0	0	0	0	0	0	0	0.03246	0.00108	0	0	0.0018	0	0	0	0.00301	0	0	0	0	0	0	0	0	0	0.41888	0	0	0	0	0	0	0	0.02705	0	0	0	0	0	0	0	0	0	0	0	0	0	0.07471	0	0	0.00948	0	0	0	0.05264	0	0	0	0	0	0.13731	0	0	0	0	0.00078	0	0	0	0.00113	0	0.00069	0	0	0	0	0	0
g__Leptotrichia	2|32066|203490|203491|1129771|32067	0	0	0	0	0	0	0	0	0	0	0	0.00076	0	0	0	0	0	0	0	0	0	0	0	0	0	0	0	0	0	0	0	0	0	0	0	0	0	0	0	0	0	0	0	0	0	0	0	0	0	0	0	0	0	0	0	0	0	0	0	0	0	0	0	0	0	0	0	0	0	0	0	0	0	0	0	0	0	0	0	0	0	0	0	0	0	0	0	0	0	0	0	0	0	0	0	0	0	0	0	0
g__Victivallis	2|256845|1313211|278082|255528|172900	0	0	0	0	0.00377	0	0	0.00569	0	0.02699	0	0.02937	0	0	0	0	0	0	0	0	0	0	0	0	0	0	0	0	0	0	0	0.10348	0	0	0	0	0	0	0	0	0	0	0	0	0	0	0	0	0	0	0	0	0	0	0	0	0	0	0	0	0	0	0	0	0	0	0	0	0	0	0	0	0	0	0	0	0	0	0.03052	0.07557	0	0	0	4e-05	0.00785	0	0	0	0	0	0	0	0	0	0	0	0	0	0	0
g__Sphingomonas	2|1224|28211|204457|41297|13687	0	0	0	0	0	0	0	0	0	0	0	0	0	0	0	0	0	0.00035	0.00205	0	0	0	0	0	0	0	0	0	0	0	0	0	0	0.00262	0.00064	0	0	0	0	0	0	0	0	0	0	0	0	0	0	0	0	0	0	0	0.00088	0	0	0	0	0	0.00061	0	0	0	0	0	0	0	0	0	0	0	0	0	0	0	0	0	0	0	0	0	0	0	0	0	0	0	0	0	0	0	0	0	0	0	0	0	0	0
g__Lautropia	2|1224|28216|80840|119060|47670	0	0	0	0	0	0	0	0	0	0	0	0	0	0	0	0	0	0	0	0	0	0	0	0	0	0	0	0	0	0	0	0	0	0	0	0	0	0	0	0	0	0	0	0	0.00038	0	0	0	0	0	0	0.00045	0	0	0	0	0	0.00231	0	0	0	0	0	0	0	0	0	0	0	0	0	0	0	0.00026	0	0	0	0	0	0	0	0	0	0.00065	0	0	0.00048	0	0	0	0	0	0.01299	0	0	0	0	0.00012	0	0
g__Ralstonia	2|1224|28216|80840|119060|48736	0	0	0	0	0	0	0	0	0	0	0	0	0	0	0	0	0.00076	0.00153	0.00539	0	0	0	0	0	0	0	0	0	0	0	0	0	0	0.00471	0.00206	0	0	0	0	0	0	0	0	0.0016	0	0	0	0	0	0	0	0	0	0	0.00418	0	0	0	0	0	0.00105	0	0	0	0	0	0	0	0	0	0	0	0	0	0	0	0	0	0	0	0	0	0	0	0	0	0	0	0	0	0	0	0	0	0	0	0	0	0	0
g__Comamonas	2|1224|28216|80840|80864|283	0	0	0	0	0	0	0	0	0	0	0	0	0	0	0	0	0	0	0	0	0	0	0	0	0	0	0	0	0	0	0	0	0	0	0	0	0	0.03341	0	0	0	0	0	0	0	0	0	0	0	0	0	0	0	0	0	0	0	0	0	0	0	0	0	0	0	0	0	0	0	0	0	0	0	0	0	0	0	0	0	0	0	0	0	0	0	0	0	0	0	0	0	0	0	0	0	0	0	0	0	0
g__Oxalobacter	2|1224|28216|80840|75682|846	0	0	0	0	0.15412	0	0	0	0	0	0	0.00093	0.01255	0	0	0.00091	0	0	0	0	0	0	0	0	0	0	0	0	0	0	0	0	0.00132	0	0	0	0	0.00428	0	0	0.00577	0	0	0	0	0	0	0	0.06917	0.11032	0	0	0	0	0	0	0	0	0	0	0	0	0	0	0	0	0	0	0	0	0	0	0	0	0	0	0	0	0	0	0	0	0	0	0	0	0	0	0	0	0	0	0	0	0	0	0	0	0	0
g__Parasutterella	2|1224|28216|80840|995019|577310	0.02267	0	0.12932	0.12597	0.44544	0.2321	0.34873	0.87075	0.00162	0.0048	0.31658	0.03118	0.81869	0.32174	0.20938	0.06783	0	0.05539	0.05889	0.52043	0.02773	0.50435	0	0	0	0.2637	0.16563	0	0	0	0.10815	0.09875	0.05611	0.11702	0.09768	0.37587	0.19309	0.02261	0	0.11571	1.53845	0.94755	0.2002	0.0784	0.51438	0.0993	0	0.00271	0.52591	0	0.79543	0	0.02906	0.08306	0.13385	2.0962	0	0	0.3742	1.22282	0	0	0.07039	0	0.04243	0.12586	0.23438	1.42813	3.85598	0.67444	0	0	0.95912	0.07531	0.11591	7.69114	1.53138	0.07626	0.03743	0.00181	0	0	0.00214	0.00086	0.09282	0	0	0	0	1.28819	0	0	0.51578	0.10304	0.08496	0.17101	0.12404	0.0596	0.19734	0.03571
g__Sutterella	2|1224|28216|80840|995019|40544	0.00231	0	0	0.00384	0	0	0	0	0.19355	0.03463	0	0.11447	0	0	0	0.06295	0	0	0	0	0.00798	0.0035	0.00841	0	0	0	0	0	0	0.00085	0	0	0.13288	0	0	0	0	0.0881	0	0.00128	0	0	0	0	0	0	0.00021	0.08079	0	0	0	0	0.01868	0	0	0	0	0	0	0	0.00375	0	0.00045	0	0.11899	0	0.00083	0	0	0	0	0.00326	0	0	0	0	0	0	0	0.05694	0	0	0.0281	0.02175	0	0.00352	0	0.00809	0	0	0	0	0	0	0	0	0	0.00041	0	0.00236
g__Turicimonas	2|1224|28216|80840|995019|1918598	0	0	0.03197	0	0.03288	0.1177	0.05407	0.0156	0	0	0.03427	0	0.17171	0.03869	0.20741	0.00135	0	0.1442	0.01537	0.01287	0	0.01416	0	0	0	0.00191	0.02897	0	0	0	0.05488	0.03985	0	0.00278	0.03904	0.07633	0.01373	0	0	0.00751	0.07131	0.40254	0.12514	0.26613	0.07184	0.00196	0	0	0.03792	0	0.32901	0	0	0.01124	0.14269	0.05122	0	0	0.02086	0.06189	0	0	0	0	0	0.03214	0.03346	0.0395	0.08724	0.13288	0	0	0.04572	0.00283	0.00749	0.24524	0.18546	0.00528	0.00161	0	0	0	0	0	0.04135	0	0	0	0	0.09921	0	0	0.01713	0.00023	0	0.00469	0	0.0006	0.11041	0
g__Morococcus	2|1224|28216|206351|481|212742	0	0	0	0	0	0	0	0	0	0	0	0	0	0	0	0	0	0	0	0	0	0	0	0	0	0	0	0	0	0	0	0	0	0	0	0	0	0	0	0	0	0	0	0	0	0	0	0	0	0	0	0.00046	0	0	0	0	0	0	0	0	0	0	0	0	0	0	0	0	0	0	0	0	0	0	0	0	0	0	0	0	0	0	0	0	0	0	0	0	0	0	0	0	0	0	0	0	0	0	0	0
g__Neisseria	2|1224|28216|206351|481|482	0.01084	0.00982	0	0.00411	0	0	0	0	0	0.00131	0.01068	0.00266	0	0.00496	0	0	0	0	0	0	0	0.00585	0	0	0	0	0.00655	0	0	0.04534	0.01234	0.006	0	0	0	0	0	0.01242	0.00414	0	0	0	0	0	0.00428	0.02279	0	0.00402	0.00407	0.00172	0	0.00612	0.00531	0.00165	0	0	0	0.0107	0	0	0	0.01091	0	0.00131	0.01038	0.00693	0.00676	0.00708	0.00238	0.00479	0.00287	0.00425	0.00177	0.00904	0.00071	0.00727	0.0064	0.00493	0.00692	0	0.00188	0	0.0011	0.00783	0.00304	0.00797	0.00699	0.00204	0.00556	0.00289	0.00058	0.0111	0.04661	0.00504	0	0.00869	0	0.00651	0.00394	0.00186
g__Bilophila	2|1224|28221|213115|194924|35832	0.02431	0.16726	0.0003	0.06019	0.08367	0.05012	0	0.00173	0.00284	0	0.03182	0.06004	0.00577	0.01613	0.33421	0.0041	0	0.00687	0.00333	0.18917	0.00015	0.00448	0	0	0.04548	0	0.00703	0	0.003	0	0.00497	0	0.0103	0.18162	0	0.00318	0	0.00489	0.05411	0.00559	0	0.06055	0.2295	0.02767	0.03265	0.12389	0	0.00831	0.02903	0	0.01401	0.00103	0	0.00257	0	0	0	0.14828	0	0.00068	0.00176	0.15628	0.04005	0	0	0.0017	0.04701	0.03751	0	0.10008	0.00664	0	0	0	0	0	0.01586	0	0	0	0	0.30213	0.01303	0.00142	0	0	0.01308	0	0.01857	0	0	0	0	0	0	0.00209	0	0.02453	0.02468	0.09765
g__Desulfovibrio	2|1224|28221|213115|194924|872	0	0	0	0	0	0	0	0	0	0.03244	0	0	0	0	0	0.01603	0	0	0	0	0	0	0	0	0	0	0	0	0	0	0	0	0.0296	0	0	0	0	0	0	0	0	0	0	0	0	0	0	0.04873	0.00093	0	0	0	0	0	0	0	0	0.37729	0	0	0	0	0	0	0	0	0	0	0	0	0	0.00776	0	0	0	0	0	0	0	0.01286	0	0	0.06116	0	0	0.02204	0	0	0	0	0	0	0	0	0	0	0	0.00347	0	0
g__Desulfovibrionaceae_unclassified	2|1224|28221|213115|194924|	0	0	0	0	0	0	0	0	0	0	0	0	0.17353	0	0	0	0	0	0	0	0	0	0	0	0	0	0	0	0.25067	0	0	0	0	0	0	0.10896	0	0	0	0	0	0	0	0	0	0	0	0	0	0	0	0	0	0	0	0	0	0	0	0	0	0	0	0	0	0	0	0	0	0	0	0	0	0	0	0	0	0	0	0	0	0	0	0	0	0	0	0	0	0	0	0	0	0	0	0	0	0	0	0
g__Campylobacter	2|1224|29547|213849|72294|194	0	0	0	0	0.0114	0	0	0	0	0	0	0.00334	0.0005	0	0	0	0	0	0	0.03097	0.01302	0	0	0.00172	0	0	0	1.06839	0	0	0	0	0	0	0	0	0	0	0	0	0	0.09787	0.00277	0	0	0	0	0	0	0	0	0	0	0	0	0	0	0	0	0	0	0	0	0	0	0	0	0	0	0	0	0	0	0	0	0	0	0	0	0	0	0	0	0.00205	0.05891	0	0	0	0	0	0	0	0	0	0	0	0	0.00345	0	0
g__Cardiobacterium	2|1224|1236|135615|868|2717	0	0	0	0	0	0	0	0	0	0	0	0	0	0	0	0	0	0	0	0	0	0	0	0	0	0	0	0	0	0	0	0	0	0	0	0	0	0	0	0	0	0	0	0	0	0	0	0	0	0	0	0	0	0	0	0	0	0	0	0	0	0	0	0	0	0	0	0	0	0	0	0	0	0	0	0	0	0	0	0	0	0	0	0	0	0	0	0	0	0	0	0	0.00072	0	0	0	0	0	0	0
g__Enterobacter	2|1224|1236|91347|543|547	0	0	0	0	0	0	0	0	0	0	0	0	0	0	0	0	0	0	0	0	0	0	0.46609	0	0	0	0	0	0	0	0	0	0	0	0	0	0	0	0	0	0	0	0	0	0	0	0	0	0	0	0	0	0	0	0	0	0	0	0	0	0	0	0	0	0	0	0	0	0.00094	0	0	0	0	0	0	0	0	0	0	0	0	0	0	0	0	0	0	0	0	0	0	0	0	0	0	0	0	0	0	0.91348
g__Escherichia	2|1224|1236|91347|543|561	0	0	0	0	0.35465	0.21674	0.01495	0.01245	0	0	0.05986	0.00413	0.42368	0	0.00147	0.00021	0.00031	0.00473	0	0.09081	0	0	0.00241	0.2594	0.10103	0.21322	0.00601	0.46366	0.0068	0	0	0.49098	0.1583	0.05569	0.00087	0.00685	0	0	0.00097	0.42048	0.06314	0.18481	0.00161	0.01937	0	0.0627	0.0815	0	0.00469	0.06295	0.00641	0.10894	0	0	0.00273	0.26168	0.55271	0.15354	0.00377	0	0.0019	0.41266	0.09441	0.46859	0	0.00134	0.13833	0.11577	0.00165	0	0.01702	0.0024	0	0.00863	0	0	0	0	0	0	0	0	0	0.00754	2.38081	0	0.09952	0.00252	0	0	0.30933	0	0	0.01557	0.02432	0	0.02436	0.05392	0	0
g__Klebsiella	2|1224|1236|91347|543|570	0	0	0	0	0	0	0	0	0	0	0	0	0	0	0	0	0	0	0	0	0	0	1.08137	0	0	0	0	0	0	0	0	0.00103	0	0	0	0	0	0.00666	0	0	0	0	0.01895	0	0	0	0	0	0	0	0	0	0	0	0	0	0	0	0	0	0	0	0	0	0	0	0.06236	0	0	0	0	0	0	0.0265	0	0	0	0	0	0	0.06778	0	0	0	0	0	0	0	0	0	0	0	0	0	0	0	0	0	0	0.02875
g__Pantoea	2|1224|1236|91347|1903409|53335	0	0	0	0	0	0	0	0	0	0	0	0	0	0	0	0	0	0	0	0	0	0	0	0	0	0	0	0	0	0	0	0	0	0	0	0	0	0	0	0	0	0	0	0	0	0	0	0	0	0	0	0	0	0	0	0	0	0	0	0	0	0	0	0	0	0	0	0	0	0	0	0	0	0	0	0	0	0	0	0	0	0	0	0	0	0	0	0	0	0	0	0	0.02641	0	0	0	0	0	0	0
g__Serratia	2|1224|1236|91347|1903411|613	0	0	0	0	0	0	0	0	0	0	0	0	0	0	0	0	0	0	0	0	0.00184	0	0	0	0	0	0	0	0	0	0	0	0	0	0	0	0	0	0	0	0	0	0	0	0	0	0	0	0	0	0	0	0	0	0	0	0	0	0	0	0	0	0	0	0	0	0	0	0	0	0	0	0	0	0	0	0	0	0	0	0	0	0	0	0	0	0	0	0	0	0	0	0	0	0	0	0	0	0	0
g__Aggregatibacter	2|1224|1236|135625|712|416916	0	0	0	0	0	0	0	0	0	0	0	0	0	0	0	0	0	0	0	0	0	0	0	0.00019	0	0	0	0	0	0	0	0	0	0	0	0	0	0	0	0	0	0	0	0	0	0	0	0	0	0	0	0	0	0	0	0.00066	0	0	0	0	0	0	0	0	0	0	0	0	0	0	0	0	0	0	0	0.00359	0	0	0	0	0	0	0	0	0	0	0	0	0	0	0	0	0	0	0	0	0	0	0	0
g__Haemophilus	2|1224|1236|135625|712|724	0.01923	0.01364	0.02216	0.00203	0.00056	0	0.00319	0.00523	0.00931	0.02259	0.02516	0.00203	0	0.01297	0.00026	0	0.00218	0	0.00072	0	0.06716	0.00249	0.00386	0.05375	0.00199	0.00023	0.00662	0	0.02587	0.01233	0.04921	0.00382	0.00806	0	0.00977	0	0.00207	0.09374	0.00687	0.00298	0	0	0	0.00011	0.01189	0.00507	0.00139	0.00518	0.06215	0.07444	0.05919	0.00868	0.00425	0	0.00684	0.06678	0.04485	0.018	0	0.00322	0	0.00425	0.0359	0.0146	0.05937	0.00832	0.00683	0	0.12238	0.00753	0.01292	0.03751	0.05847	0.00929	0	0.43306	0.03688	0.07264	0.01036	0.00383	0.00609	0.01928	0.00089	0.15438	0	0.09061	0.01436	0.22054	0.01356	0.00157	0	0.00426	0.03623	0.00499	0.00503	0.00495	0	0.0045	0.03209	0.01086
g__Pseudomonas	2|1224|1236|72274|135621|286	0	0	0	0	0	0	0	0	0	0	0	0	0	0	0	0	0	0	0	0	0	0	0	0	0	0	0	0	0	0	0	0	0	0	0	0	0	0	0	0	0	0	0	0	0	0	0	0	0	0	0	0	0	0	0	0	0	0	0	0	0	0	0	0	0	0	0	0	0	0	0	0	0	0	0	0	0	0	0	0	0	0	0	0	0	0	0	0	0	0	0	0	0	0	6.85487	0	14.5523	0	0	0
g__Proteobacteria_unclassified	2|1224||||	0	0	0.73333	0.00711	0.11022	1.47697	0.37154	0.2412	0	0.00131	0.11395	0.00134	0.71486	0.51624	2.722	0.01461	0	0.80814	0.10212	0.0252	0.0007	0.0377	0	0	0	0.01048	0.478	0	0	0	1.19962	1.39297	0.00449	0.00665	1.51382	1.83332	0.24269	0	0	0.0909	0.06356	7.03511	1.89672	1.27808	0.79729	0.00876	0	0	0.52031	0	3.3641	0	0.00064	1.01912	1.49118	0.12591	0	0	0.01566	0.079	0	0	0.00222	0	0.00061	0.52201	1.30725	0.08114	0.23895	1.46724	0	0	0.07415	0.00376	0.01066	0.4881	1.60799	0.00224	0.23595	0	0	0	0	0	1.34591	0	0	0	0	0.05741	0	0	0.01977	0.00372	0.00309	0.00744	0.0032	0.00306	1.15269	0.0012
g__Cloacibacillus	2|508458|649775|649776|649777|508459	0	0	0	0	0	0	0	0	0	0	0	0	0.00969	0	0	0	0	0	0	0	0	0	0	0	0	0	0	0	0.0188	0	0	0	0	0	0	0	0	0	0	0	0	0	0	0	0	0	0	0	0	0.00103	0	0	0	0	0	0	0	0	0	0	0	0	0.02972	0	0	0	0	0	0	0	0	0	0	0	0	0	0	0	0	0	0	0	0	0	0	0	0	0	0	0	0	0	0	0	0	0	0	0.00017	0	0
g__Fretibacterium	2|508458|649775|649776|649777|1434006	0	0	0	0	0	0	0	0	0	0	0	0	0	0	0	0	0	0	0	0	0	0	0	0	0	0	0	0	0.00025	0	0	0	0	0	0	0.00013	0	0	0	0	0	0	0	0	0	0	0	0	0	0.00042	0	0	0	0	0	0	0	0	0	0	0	0	0	0	0	0	0	0	0	0	0	0	0	0	0	0	0	0	0	0	0	0.00155	0	0	0	0	0	0	0	0	0	0	0	0	0	0.00088	0.00076	0	0	0
g__Pyramidobacter	2|508458|649775|649776|649777|638847	0	0	0	0	0	0	0	0	0	0	0	0	0	0	0	0	0	0	0	0	0	0	0	0	0	0	0	0	0	0	0	0	0	0	0	0	0	0.03311	0	0	0	0	0	0	0	0	0	0	0	0	0	0	0	0	0	0	0	0	0	0	0	0	0	0	0	0	0.1353	0	0	0	0	0	0	0	0	0	0	0	0	0	0	0	0	0	0	0	0	0	0	0	0	0	0	0	0	0	0	0	0	0
g__Akkermansia	2|74201|203494|48461|1647988|239934	0	0.75686	0	0.85546	35.74555	0.06756	0.92161	0.02255	0	0.00087	0.01405	0	0.1051	0.00459	1.45323	0.01234	2.86262	14.07883	0.38572	0	0	0.28416	0.01682	1.58463	0	0	0	73.88107	0.3657	0	0.02171	0	0.02956	1.84453	0.30012	0	0.16445	0.00077	0	0.09457	0.01388	0	0	0.03879	0.01482	1.11144	0.45005	0	0.11833	0	0.08456	0.99812	0.00821	0	0.01469	0	0	12.99776	11.6577	0.01602	0.0063	0	1.45726	0	0	0	0.55577	3.3426	0.34411	1.53792	1.30724	0	0	0.16984	0.00083	0.03611	0.17459	0	0.46381	0	2.46965	0	0	0.0004	0	0	3.04732	0	0.04162	1.04119	0	0	0.14978	0	0	0.52773	0.31512	2.27277	0.01567	0
g__Malassezia	2759|5204|1538075|162474|742845|55193	0	0	0	0	0	0	0	0	0	0	0	0	0	0	0	0	0	0	0	0	0	0	0	0	0	0	0	0	0	0	0	0	0	0	0	0	0	0	0	0	0	0	0	0	0	0	0	0	0	0	0	0	0	0	0	0	0	0	0	0	0	0	0	0	0	0	0	0	0	0	0	0	0	0	0	0	0	0	0	0	0	0	0	0	0	0	0	0	0	0	0	0	0.01591	0	0	0	0	0	0	0
g__Blastocystis	2759|||||12967	0	0	0	0	0	0	0	0	0	0	0	0	0	0	0	0	0	0	0	0	0	0	0	0	0	0	0	0	0	0	0	0	0	0	0	0	0	0	0	0	0	0	0	0	0	0	0	0	0	0	0	0	0	0	0	0	0	0	0	0	0	0	0	0	0	0	0	0	0.54286	0	0	0	0	0	0	0.85023	0	0	0	0	0	0	0	0	0	0	0	0	0	0	0	0	0	0	0	0	0	0	0	0
