clade_name	NCBI_tax_id	SRS055118	SRS050628	SRS050029	SRS050007	SRS048719	SRS045262	SRS045254	SRS045049	SRS043646	SRS042457	SRS023354	SRS022721	SRS022532	SRS022145	SRS020858	SRS020336	SRS019976	SRS019587	SRS019391	SRS019329	SRS019221	SRS018661	SRS018359	SRS018329	SRS018149	SRS017810	SRS017687	SRS017537	SRS017441	SRS017215	SRS017127	SRS017080	SRS017013	SRS016600	SRS016533	SRS016503	SRS016349	SRS016297	SRS016196	SRS016088	SRS016039	SRS015921	SRS015895	SRS015745	SRS015646	SRS015436	SRS015374	SRS015274	SRS015154	SRS015040	SRS014890	SRS014686	SRS014575	SRS014472	SRS014126	SRS013945	SRS013881	SRS013825	SRS013711	SRS013506	SRS013239	SRS012281	SRS011310	SRS011247	SRS011144	SRS011090
s__Actinobaculum_sp_oral_taxon_183	2|201174|1760|2037|2049|76833|712888	0.05009	0.0032	0	0	0	0	0.73383	0.04213	3.01317	0	0	0.01049	0.00486	0	0	0	0	0.0172	0	0.03143	0	0.07991	0.00329	0	0.00078	0.04194	0.12958	0	0.02467	0.01997	0	0.04133	0	0	0	0	0	0	0	0	11.37683	0.15577	0.03276	0.33494	0	0	0	0.02783	0.01758	0.0097	0.00292	0	0	0	0	0.00643	0.01097	0	0	0	0	0	0.07415	0	0	0
s__Actinomyces_georgiae	2|201174|1760|2037|2049|1654|52768	0	0	0	0	0	0	0.00696	0	0	0	0	0	0	0	0	0	0	0	0	0	0	0	0	0	0	0	0	0	0	0	0	0.00131	0	0	0	0	0	0	0	0	0	0	0	0	0	0	0	0	0	0	0	0	0	0	0	0	0	0	0	0	0	0	0	0	0	0
s__Actinomyces_graevenitzii	2|201174|1760|2037|2049|1654|55565	0	0	0	0	0	0.03277	0.79208	0.00206	0	0	0.20923	0	0.00526	0.00313	0.02333	0.87567	0.07169	0.00585	0	0	0.00922	0.24209	0.00518	0.01872	0.01467	0.50584	0.19053	0	0.00886	0.01023	0	0.19626	0.00147	0.01103	0	0	0.02158	0.14994	0	0	0	0.05525	0.03984	0	0.00517	0.03905	0	0	0.02709	0	0	0.21379	0.14311	0	0	0	0	0	1.42778	0	0.01952	0	0	0.05204	0.53898	0.0013
s__Actinomyces_hongkongensis	2|201174|1760|2037|2049|1654|178339	0	0	0	0	0	0	0.00895	0	0	0	0	0	0	0	0	0	0	0	0	0	0	0	0	0	0	0	0	0	0	0	0	0	0	0	0	0	0	0	0	0	0	0	0	0.00461	0	0	0	0	0	0	0	0	0	0	0	0	0	0	0	0	0	0	0	0	0	0
s__Actinomyces_johnsonii	2|201174|1760|2037|2049|1654|544581	0.07405	0.09699	0.09583	0	0	0.01489	0.22569	0.02773	0.06831	0	0	0.15247	0.02349	0	0	0	0	0.01552	0	0.04235	0	0	0.03013	0	0.00039	0	0.12787	0	0	0	0.00175	0	0	0.01337	0	0	0	0.65473	0	0	0.44894	0	0	0.10755	0	0.01923	0	0	0.09766	0	0.15441	0	0	0.03224	0	0.00873	0	0.03116	0	0	0	0	0	0	0	0
s__Actinomyces_massiliensis	2|201174|1760|2037|2049|1654|461393	0.0567	0	0	0	0.00339	0.00119	0.10241	0.15905	0.06742	0	0	0	0.0124	0	0	0	0	0	0	0	0	0.00186	0	0	0	0	0.0244	0	0	0	0.05691	0.02297	0	0	0	0	0	0.05453	0	0	0.07052	0.00251	0	0.03047	0	0	0	0	0.08316	0	0	0	0	0.12668	0	0	0	0	0	0	0	0	0	0	0	0
s__Actinomyces_naeslundii	2|201174|1760|2037|2049|1654|1655	0.0654	0.03815	0	0.46137	0.09747	0.08786	1.90857	0.14057	1.34835	0	0	0.23382	0	0	0	0	0.00755	0.05582	0	0.05805	0.0181	0.02916	0.10456	0	0.00783	0.05921	0.32033	0	0	0.0072	0.56596	0.19919	0.00139	0.06501	0	0	0.04337	0.15098	0	0	0.13513	0	0	0.26708	0	0.01958	0	0.12813	0.01086	0	0.12276	0	0	0.13999	0	0.0409	0	0.08882	0.05022	0	0.03144	0	0.02745	0	0	0
s__Actinomyces_odontolyticus	2|201174|1760|2037|2049|1654|1660	0.0267	0.13589	1.12073	0	0.44915	0.02561	0.19241	0.08575	0.18906	0	0.08073	0.02926	0	0.00414	0	0.05113	0.0105	0.21764	0	0	0.08451	0.51448	0.13666	0.01033	0.02888	0.1579	0.05094	0.0174	0	0.0093	0.00704	0.12732	0.00273	0.01467	0	0	0.06774	0	0	0.07868	0.0685	0.15054	0.02787	0	0.00062	0.0436	0	0	0.58027	0	0.08575	0.66419	0.53115	0	0.01425	0.42051	0.52443	0.01588	0.22474	0.00262	0.03344	0	0.01166	0.01452	0.01819	0
s__Actinomyces_oris	2|201174|1760|2037|2049|1654|544580	0.01977	0.42279	0.11975	0.80511	1.25309	0.34254	1.7893	0.51762	0.67855	0.07483	0.21347	0.09519	0.66998	0.06198	0.00908	0.86194	0.16037	0.58509	0	0.62659	0.58434	0.5089	0.20165	0.06222	0.01632	0.06577	0.31461	0.67349	0.18038	0.00935	0.0782	0.5765	0.07411	0.72321	1.59199	1.43216	0.20532	0.40561	0.50869	2.23894	0.87707	8.80207	2.0332	1.84361	0	0.20965	0.56497	0.48532	2.02448	0.20791	0.61156	1.02673	0.33651	0.64108	0.06001	1.01734	0.16757	0.20694	0.0891	0.06449	0.07736	1.20037	0.27719	0.00085	0.45953	0.2976
s__Actinomyces_sp_HMSC035G02	2|201174|1760|2037|2049|1654|1739406	0	0.01721	0.05198	0.15659	0.02643	0.054	0.0971	0.01756	0	0	0.03481	0	0	0	0	0.11168	0.01952	0.01142	0	0	0	0.10796	0.01418	0.00978	0.00848	0.15139	0.04665	0	0	0.00138	0	0.12481	0.00161	0	0	0	0.01118	0	0	0.07583	0.0012	0.04879	0.00174	0	0	0.01633	0	0	0.13178	0.00318	0	1.21856	0.09505	0	0.00526	0.04245	0.00268	0	0.11469	0	0.01819	0	0	0.00448	0	0
s__Actinomyces_sp_HPA0247	2|201174|1760|2037|2049|1654|1203556	0	0	0.0038	0	0	0	0.0917	0.0039	0	0	0	0	0	0	0	0.09771	0	0.01268	0	0	0	0.02426	0.00638	0	0	0.02077	0	0	0	0	0	0.1938	0	0	0	0	0.00811	0	0	0	0.00174	0	0	0	0	0	0	0	0.00292	0	0	0.76255	0	0	0	0	0	0	0.094	0.00228	0.00266	0	0	0.0035	0	0
s__Actinomyces_sp_ICM47	2|201174|1760|2037|2049|1654|936548	0	0.00614	0.00188	0	0	0.03024	0.25526	0.00824	0.11173	0	0.04022	0.02798	0	0.01033	0.01213	0.40817	0.01347	0.02065	0	0	0.06179	0.576	0.02072	0.01664	0.03067	0.42786	0.08157	0	0.01686	0.03269	0	1.0408	0.0018	0.05523	0	0	0.06073	0	0	0	0	0.47237	0.15864	0.02974	0	0.02577	0	0.13085	0.04218	0	0.08379	1.06973	0.13899	0	0	0.00059	0	0.28507	1.35213	0.04587	0.00341	0	0	0	0.22976	0.01762
s__Actinomyces_sp_S6_Spd3	2|201174|1760|2037|2049|1654|1284680	0	0	0.00337	0	0	0	0.0721	0	0	0	0	0	0	0	0	0	0	0.04772	0	0	0	0.05784	0	0	0.00057	0.05645	0	0	0	0	0	0.00432	0	0	0	0	0	0	0	0	0	0	0	0	0	0	0	0	0.01361	0	0	0.0792	0	0	0	0	0	0	0.10849	0	0	0	0	0.01288	0	0
s__Actinomyces_sp_oral_taxon_170	2|201174|1760|2037|2049|1654|712117	0	0	0	0	0	0	0.01137	0	0	0	0	0	0.00897	0	0	0	0	0.03701	0	0	0.08174	0	0	0	0	0	0	0	0	0	0.05077	0.04777	0.0018	0	0	0	0	0	0	0	0	0	0	0.41214	0	0	0	0.50373	0	0.00346	0	0	0	0.03983	0	0	0	0.04821	0	0	0	0	0.00192	0	0	0
s__Actinomyces_sp_oral_taxon_180	2|201174|1760|2037|2049|1654|651609	0	0	0	0	0	0.00759	0.03894	0.00174	0	0	0	0	0	0	0	0	0	0.00177	0	0	0	0.05502	0	0	0	0	0.00137	0	0	0	0	0.06481	0	0	0	0	0	0	0	0	0	0.01586	0	0	0	0	0	0	0	0	0	0.09112	0	0	0	0.00154	0	0	0	0	0	0	0	0	0	0
s__Actinomyces_sp_oral_taxon_181	2|201174|1760|2037|2049|1654|712121	0	0	1.06314	0	0	0	0.01184	0.00607	0.07235	0	0.00632	0	0	0	0	0.13389	0	0.01084	0	0	0	0.02848	0	0.0046	0	0.00384	0.00481	0	0	0	0	0.10253	0	0	0	0	0.02397	0	0	0	0.00708	0.00485	0	0	0	0	0	0	0.01881	0	0	0.43468	0	0	0	0.00204	0.00367	0	0.01567	0	0	0	0	0.05471	0	0.02784
s__Actinomyces_sp_oral_taxon_414	2|201174|1760|2037|2049|1654|712122	0	0.00919	0	0	0	0.00406	0.02897	0	0	0	0	0	0	0	0	0	0	0	0	0	0	0	0	0	0	0	0	0	0	0	0	0	0	0	0	0	0	0	0	0	0	0	0	0	0	0	0	0	0.00657	0	0	0	0	0	0	0	0	0	0	0	0	0	0	0	0	0
s__Actinomyces_sp_oral_taxon_448	2|201174|1760|2037|2049|1654|712124	2.23164	0	0	0.18797	0	0.01598	0.25346	0	0	0	0	0	0	0	0	0	0	0	0	0	0	0	0	0	0	0	0.07254	0	0	0	0	0.13858	0	0	0	0	0	0.4026	0.11154	0	0	0	0	0	0	0	0	0.01829	0.01866	0	0	0.08156	0	0.03025	0	0	0	0	0.02234	0	0	0	0	0	0	0
s__Actinomyces_sp_oral_taxon_897	2|201174|1760|2037|2049|1654|2081702	0	0	0	0	0	0	0	0.00174	0	0	0	0	0	0	0	0	0	0	0	0	0	0.00056	0	0	0	0	0	0	0	0	0	0	0	0	0	0	0	0	0	0	0	0	0	0	0	0	0	0	0.01097	0	0	0	0	0	0	0	0	0	0	0	0	0	0	0	0	0
s__Actinomyces_viscosus	2|201174|1760|2037|2049|1654|1656	0.87292	0.18778	0	0	0.10456	0.19362	0	0	0	0	0	0	0.044	0.01155	0	0.32207	0	0	0	0	0.363	0	0	0	0	0	0.02133	0	0	0	0	0	0	0	0	0	0	0	0	0	0	0.06437	0.11063	0.28852	0	0	0.04372	0.20115	0.03191	0.13084	0	1.3425	0	0	0	0.01444	0	0	0.0141	0	0	0	0	0	0	0
s__Bifidobacterium_dentium	2|201174|1760|85004|31953|1678|1689	0	0	0	0	0	0	0	0	0	0	0	0	0	0	0	0	0	0	0	0	0	0	0	0	0	0.01099	0	0	0	0	0	0	0	0	0	0	0	0	0	0	0	0	0	0	0	0	0	0	0	0	0	0	0	0	0	0	0	0	0	0	0	0	0	0	0	0
s__Scardovia_wiggsiae	2|201174|1760|85004|31953|196081|230143	0	0	0	0	0	0	0.75482	0	0	0	0	0	0	0	0.00958	0	0	0	0	0	0	0	0	0	0	0.01395	0.02341	0	0	0	0	0	0	0	0	0	0	0	0	0	0	0	0	0	0	0	0	0	0	0	0	0.23709	0	0	0	0	0	0.04237	0	0	0.01201	0	0	0	0	0
s__Corynebacterium_argentoratense	2|201174|1760|85007|1653|1716|42817	0	0	0	0	0	0	0	0	0	0	0	0.06187	0	0	0	0	0	0	0	0	0	0	0	0	0	0.0043	0	0	0	0	0	0	0	0	0	0	0	0	0	0	0	0	0	0	0	0	0	0	0	0	0	0	0	0	0	0	0	0	0	0	0	0	0	0	0	0
s__Corynebacterium_durum	2|201174|1760|85007|1653|1716|61592	0	0.11392	0	0	0	0.05047	0	0.06604	0.00778	0	0	0.10144	0.03487	0.01173	0	0	0.00713	0.07871	0	0	0	0.11113	0.00944	0	0.00564	0.03735	0.09734	0	0.08805	0.01093	0.01077	0.19799	0.0092	0	0	0	0	0.30342	0	0	0.02078	0.03662	0	0.02127	0	0	0.01926	0.11524	0.0426	0	0	0	0.01678	0.03473	0	0	0.00552	0	0	0	0	0	0.0006	0.02771	0	0
s__Corynebacterium_matruchotii	2|201174|1760|85007|1653|1716|43768	5.92659	0.46057	0	0.90879	0.06106	0.14005	1.62327	0.93248	0.39612	0	0.02735	0.91675	0.13938	0.0146	0	0.48606	0.02348	0.00813	0	0.00656	0	0.07304	0.00747	0.00547	0.00302	0.11592	2.15581	0	0.04329	0.02046	0.01001	0.43363	0.00342	0.04421	0	0	0.13321	2.7177	0.11981	0.04027	0.56094	0	0	1.50161	0	0.0007	0.05379	0.12771	1.1664	0	1.80393	0.07438	0.42354	0.32016	0	0	0	0.03031	0.07987	0	0.01254	0	0.07281	0	0.1571	0
s__Rothia_aeria	2|201174|1760|85006|1268|32207|172042	0.83519	0	0.04385	0	0.43495	0.52681	0.02517	1.00954	0.19786	0	0.03261	0.34868	0.02338	0.33814	0	0	0.03183	0.02391	0.03236	0.41492	0.16105	0.05839	0.39564	0.00967	0.10524	0.17628	0.76562	0.38748	0.72394	0.06757	0.10711	0.42078	0.14479	0.09918	0	0	0	1.43345	0.05825	0.56126	0.97158	0.40936	0.2928	0.46533	0.00319	0.05612	0.0534	0.53705	0.31219	0.01567	0.40015	0	0.87516	0.38573	0	3.23035	0.05469	0.29809	0.14403	0.00998	0	0	0.0609	0.06653	0.21541	0.03525
s__Rothia_dentocariosa	2|201174|1760|85006|1268|32207|2047	1.73195	1.08838	0.01879	0.96253	18.17474	0.73404	1.4188	1.69698	0.56916	0.61521	0.1059	0.24773	0.47329	0.14447	0.86813	2.50773	0.30634	2.68274	0.51551	0.19625	5.38409	1.86259	0.69537	0.20204	0.00435	0.19877	1.12912	0.78026	0.29494	0.01158	0.04452	9.2438	0.15781	0.67512	4.11264	4.06033	4.9393	4.61551	4.08628	59.93134	0.2883	3.53751	2.68117	0.88395	0.16937	0.70053	1.98876	7.24099	0.94805	1.27485	1.07654	1.72126	2.34375	2.2774	0.88337	0.13524	0.6918	1.39329	0.06771	0.12053	0.28915	0.05721	0.3743	0.46443	2.26348	0.24897
s__Rothia_mucilaginosa	2|201174|1760|85006|1268|32207|43675	0.85208	0.01804	4.68772	3.59218	2.66519	0.15646	0.21556	0.49087	0.85427	0.75502	0.50256	0.37078	0.42008	0.06568	0.07516	2.74961	0.43374	7.98205	1.04266	0.12647	0.12195	0.7042	7.92242	0.53501	0.04657	0.39532	0.89997	0.06138	0.27725	0.02801	0	20.67349	2.11543	0.12178	15.08892	13.71914	0.69671	0.1561	0.08985	1.68894	0.35143	10.05595	5.01771	3.2408	0.12848	0.22319	0.5392	0.95257	9.84259	1.27573	0.85248	2.0818	3.45361	0.07356	0.25895	10.36215	1.23045	13.32581	0.30408	0.59189	1.44752	0.58973	0.02795	0.40486	0.82903	0.16539
s__Cutibacterium_acnes	2|201174|1760|85009|31957|1912216|1747	0	0.00102	0	1.68148	0	0.00757	0	0	0.17448	0	0	0	0.34523	0.01626	0	0	0	0.00485	0	0.03772	0	0.01785	0.00477	0.00137	0	0.03233	0.03626	0.00678	0	0.00266	0.03753	0.01245	0.0284	0.00368	0	0	0.21673	0	0	0	0	0	0	0	0	0	0.00876	0.11348	0.00505	0	0.04554	0	0	0	0	0	0	0.27536	0.00762	0	0	0.25991	0.00213	0	0.01146	0
s__Pseudopropionibacterium_propionicum	2|201174|1760|85009|31957|1912217|1750	0.08251	0	0	0	0.00534	0.00026	0.00707	0.03281	0	0	0	0	0	0	0	0	0	0	0	0.04724	0	0.02062	0.01551	0	0	0	0	0	0	0	0	0	0	0	0	0	0	0	0	0	0.00065	0	0	0.00575	0	0	0	0	0.00611	0	0	0	0	0.01623	0	0	0	0	0	0	0	0	0	0	0	0
s__Atopobium_parvulum	2|201174|84998|84999|1643824|1380|1382	0	0	0	0	0	0	0.50761	0	0	0	0.01413	0	0	0	0.02933	0.04156	0.05733	0.00232	0	0	0	0.05207	0	0.00878	0	0.0868	0.03923	0	0	0.00166	0	0.12463	0	0	0.00199	0	0.07126	0.28435	0	0	0	0.00359	0.00323	0	0	0.01039	0	0.03903	0.0065	0	0	0.54676	0	0	0	0	0	0.02732	0.1611	0	0.02698	0	0	0.00757	0	0
s__Atopobium_rimae	2|201174|84998|84999|1643824|1380|1383	0	0	0	0	0	0	0.29117	0	0.03249	0	0.02991	0	0	0	0.01385	0	0.00828	0	0	0	0	0.02706	0	0.00236	0.00205	0.11501	0.05532	0	0	0.00726	0	0.03093	0.01048	0	0.01447	0.01341	0.05472	0.07513	0	0	0	0	0	0	0	0	0	0	0	0	0	0.23781	0	0	0	0	0	0.09721	0.1016	0	0	0	0	0.00083	0	0
s__Bacteroidetes_bacterium_oral_taxon_272	2|976|||||651591	0	0	0	0	0	0	0	0	0	0	0	0	0	0	0	0	0	0	0	0	0	0	0	0	0	0	0	0	0	0	0	0	0	0	0	0	0	0	0	0	0	0	0	0	0	0	0	0	0	0	0	0	0	0	0	0	0	0.01217	0	0	0	0	0	0	0	0
s__Bacteroidetes_oral_taxon_274	2|976|||||652708	0	0.02186	0	0	0	0	0	0	0	0.07479	0	0.11726	0	0	0	0	0	0	0	0	0	0.00057	0	0	0.00545	0.10613	0.06074	0	0.00781	0	0	0.01083	0	0	0	0.00575	0.07008	0.25705	0	0	0.0223	0	0	0.02586	0	0.00852	0	0	0.00968	0	0	0	0	0	0	0	0	0	0.01402	0	0	0	0	0	0	0
s__Bacteroides_caccae	2|976|200643|171549|815|816|47678	0	0	0	0	0	0	0	0	0	0	0	0	0	0	0	0	0	0	0	0	0	0	0	0	0	0	0	0	0	0	0	0	0	0.00629	0	0	0.03643	0	0	0	0	0	0	0	0	0	0	0	0	0	0	0	0	0	0	0	0	0	0.02195	0	0	0	0	0	0	0
s__Bacteroides_cellulosilyticus	2|976|200643|171549|815|816|246787	0	0	0	0	0	0	0	0	0	0	0	0	0	0	0	0	0	0	0	0	0	0	0	0	0	0	0	0	0	0	0	0	0	0	0	0	0	0	0	0	0	0	0	0	0	0	0	0	0	0	0	0	0	0	0	0	0	0.00369	0	0	0	0	0	0	0.04577	0
s__Bacteroides_dorei	2|976|200643|171549|815|816|357276	0	0	0	0	0	0	0	0	0	0	0	0	0	0	0	0	0	0	0	0	0	0	0	0	0	0	0	0	0	0	0	0	0	0	0	0	0	0	0	0	0	0	0	0	0	0	0	0	0	0	0	0	0	0	0	0	0	0.10107	0	0	0	0	0	0	0.20824	0
s__Bacteroides_finegoldii	2|976|200643|171549|815|816|338188	0	0	0	0	0	0	0	0	0	0	0	0	0	0	0	0	0	0	0	0	0	0	0	0	0	0	0	0	0	0	0	0	0	0	0	0	0	0	0	0	0	0	0	0	0	0	0	0	0	0	0	0	0	0	0	0	0	0.06944	0	0	0	0	0	0	0	0
s__Bacteroides_intestinalis	2|976|200643|171549|815|816|329854	0	0	0	0	0	0	0	0	0	0	0	0	0	0	0	0	0	0	0	0	0	0	0	0	0	0	0	0	0	0	0	0	0	0	0	0	0.01775	0	0	0	0	0	0	0	0	0	0	0	0	0	0	0	0	0	0	0	0	0	0	0	0	0	0	0	0	0
s__Bacteroides_massiliensis	2|976|200643|171549|815|816|204516	0	0	0	0	0	0	0	0	0	0	0	0	0	0	0	0	0	0	0	0	0	0	0	0	0	0	0	0	0	0	0	0	0	0	0	0	0.51047	0	0	0	0	0	0	0	0	0	0	0	0	0	0	0	0	0	0	0	0	0	0	0	0	0	0	0	0	0
s__Bacteroides_ovatus	2|976|200643|171549|815|816|28116	0	0	0	0	0	0	0	0	0	0	0	0	0	0	0	0	0	0	0	0	0	0	0	0	0	0	0	0	0	0	0	0	0	0.00512	0	0	0.09031	0	0	0	0	0	0	0	0	0	0	0	0	0	0	0	0	0	0	0	0	0	0	0	0	0	0	0	0	0
s__Bacteroides_plebeius	2|976|200643|171549|815|816|310297	0	0	0	0	0	0	0	0	0	0	0	0	0	0	0	0	0	0	0	0	0	0	0	0	0	0	0	0	0	0	0	0	0	0.12545	0	0	0	0	0	0	0	0	0	0	0	0	0	0	0	0	0	0	0	0	0	0	0	0	0	0	0	0	0	0	0	0
s__Bacteroides_salyersiae	2|976|200643|171549|815|816|291644	0	0	0	0	0	0	0	0	0	0	0	0	0	0	0	0	0	0	0	0	0	0	0	0	0	0	0	0	0	0	0	0	0	0	0	0	0	0	0	0	0	0	0	0	0	0	0	0	0	0	0	0	0	0	0	0	0	0.05527	0	0	0	0	0	0	0	0
s__Bacteroides_stercoris	2|976|200643|171549|815|816|46506	0	0	0	0	0	0	0	0	0	0	0	0	0	0	0	0	0	0	0	0	0	0	0	0	0	0	0	0	0	0	0	0	0	0	0	0	2.52236	0	0	0	0	0	0	0	0	0	0	0	0	0	0	0	0	0	0	0	0	0.02513	0	0	0	0	0	0	0	0
s__Bacteroides_thetaiotaomicron	2|976|200643|171549|815|816|818	0	0	0	0	0	0	0	0	0	0	0	0	0	0	0	0	0	0	0	0	0	0	0	0	0	0	0	0	0	0	0	0	0	0	0	0	0.7204	0	0	0	0	0	0	0	0	0	0	0	0	0	0	0	0	0	0	0	0	0.00399	0	0	0	0	0	0	0	0
s__Bacteroides_uniformis	2|976|200643|171549|815|816|820	0	0	0	0	0	0	0	0	0	0	0	0	0	0	0	0	0	0	0	0	0	0	0	0	0	0	0.01073	0	0	0	0	0.00178	0	0.075	0	0	3.62554	0	0	0	0	0	0	0	0	0	0	0	0	0	0	0	0	0	0	0	0	0.02995	0.00772	0	0	0	0	0	0	0
s__Bacteroides_vulgatus	2|976|200643|171549|815|816|821	0	0	0	0	0	0	0	0	0	0	0	0	0	0	0	0	0	0	0	0	0	0	0	0.00145	0	0	0.00344	0	0	0	0	0	0.00576	0.10091	0	0	1.52338	0	0	0	0	0	0	0	0	0	0	0	0	0	0	0	0	0	0	0	0	0.00816	0	0	0	0	0	0.02259	0	0
s__Bacteroides_xylanisolvens	2|976|200643|171549|815|816|371601	0	0	0	0	0	0	0	0	0	0	0	0	0	0	0	0	0	0	0	0	0	0	0	0	0	0	0	0	0	0	0	0	0	0	0	0	0.85988	0	0	0	0	0	0	0	0	0	0	0	0	0	0	0	0	0	0	0	0	0	0	0	0	0	0	0	0	0
s__Barnesiella_intestinihominis	2|976|200643|171549|2005519|397864|487174	0	0	0	0	0	0	0	0	0	0	0	0	0	0	0	0	0	0	0	0	0	0	0	0	0	0	0	0	0	0	0	0	0	0	0	0	0.38361	0	0	0	0	0	0	0	0	0	0	0	0	0	0	0	0	0	0	0	0	0	0	0	0	0	0	0	0	0
s__Coprobacter_fastidiosus	2|976|200643|171549|2005519|1348911|1099853	0	0	0	0	0	0	0	0	0	0	0	0	0	0	0	0	0	0	0	0	0	0	0	0	0	0	0	0	0	0	0	0	0	0	0	0	0.08575	0	0	0	0	0	0	0	0	0	0	0	0	0	0	0	0	0	0	0	0	0	0	0	0	0	0	0	0	0
s__Odoribacter_splanchnicus	2|976|200643|171549|1853231|283168|28118	0	0	0	0	0	0	0	0	0	0	0	0	0	0	0	0	0	0	0	0	0	0	0	0	0	0	0	0	0	0	0	0	0	0	0	0	0.15599	0	0	0	0	0	0	0	0	0	0	0	0	0	0	0	0	0	0	0	0	0	0	0	0	0	0	0	0	0
s__Porphyromonas_canoris	2|976|200643|171549|171551|836|36875	0	0	0	0	0	0	0	0	0	0	0	0	0	0	0	0	0	0	0	0	0	0	0	0	0.00227	0	0	0	0	0	0	0	0.00172	0	0	0	0	0	0	0	0	0	0	0	0	0	0	0	0	0	0	0	0	0	0	0	0	0	0	0	0	0	0	0	0	0
s__Porphyromonas_catoniae	2|976|200643|171549|171551|836|41976	0	0	0	0	0	0	0.03095	0.25363	0	0.04903	0	0.5947	0.01289	0	0	0	0	0	0	0.0127	0	0.28998	0.01341	0	0.01161	0.06905	0.1116	0	0.10453	0.04048	0	0.01617	0	0	0	0	0	0	0	0	0.0061	0	0	0.15322	0	0.03483	0	0	0.1527	0.02003	0	0	0	0	0	0.00059	0.01659	0	0	0	0	0	0.02949	0.02475	0	0
s__Porphyromonas_endodontalis	2|976|200643|171549|171551|836|28124	0	0	0.00225	0	0	0	0	0	0.39122	0.06527	0.11597	0	0	0.00599	0	0.05144	0	0	0	0	0	0.00035	0.01208	0	0.0116	0.13985	0.22428	0.04096	0	0.00388	0	0.05457	0.1342	0	0	0	0	0.03998	0	0	0	0	0	0.20098	0	0	0	0	0.00205	0	0	0.1764	0	0.03308	0	0.00423	0	0.1453	0.05141	0	0	0	0.00035	0.01782	0	0
s__Porphyromonas_gingivalis	2|976|200643|171549|171551|836|837	0	0	0	0	0	0	0	0	0	0.04418	0	0	0	0	0	0	0	0	0	0	0	0	0	0	0	0	0	0	0	0	0	0	0	0	0	0	0	0	0	0	0	0	0	0	0	0	0	0	0	0	0	0	0	0	0	0	0	0.5698	0	0	0	0	0	0	0	0
s__Porphyromonas_somerae	2|976|200643|171549|171551|836|322095	1.71418	0.77408	3.63077	0.18788	0.0003	0.20362	0.14352	1.14261	0.27725	0.65432	0.04014	2.10882	0.23226	0.13145	0.07878	0.00533	0.36958	0.07684	0.0853	0.67669	0.15292	2.01507	0.58703	0.04835	0.39003	1.89636	0.56452	0.19898	1.18525	0.41185	0	0.00726	0.36873	0.66594	0	0	0.09512	0.1752	0.10027	0	0.03004	0.05419	0.03476	1.43482	0.02858	0.84281	0.01723	0	0.99579	0.01593	0.49563	0.16733	1.76009	0.12477	0.03785	0.46461	2.44278	0.13633	2.63226	0.04333	0	0.58347	0.7971	0.6973	0.12475	0.05973
s__Porphyromonas_sp_oral_taxon_278	2|976|200643|171549|171551|836|712437	0	0.45364	0	0	0	0	0.00453	0.26634	0	0.1986	0	0.02148	0	0	0	0	0	0	0	0	0	0.22163	0	0	0	0.15361	0.03514	0	0	0.01154	0	0	0	0	0	0	0	0	0	0	0	0	0	0	0	0.00527	0	0	0.05532	0	0.03793	0	0.17728	0.10393	0	0	0	0	0.03185	0	0	0	0.02196	0	0	0
s__Alloprevotella_rava	2|976|200643|171549|171552|1283313|671218	0	0	0	0	0	0	0	0	0	0	0	0	0	0.00304	0	0	0	0	0	0	0	0.00103	0.00422	0	0	0.07296	0.01902	0	0	0	0	0	0	0	0	0	0.02113	0	0	0	0	0	0	0	0	0	0	0	0	0	0	0	0	0	0	0	0	0	0.01917	0	0	0	0	0	0	0
s__Alloprevotella_tannerae	2|976|200643|171549|171552|1283313|76122	0	0	0	0	0	0	0	0	0.1293	0.01845	0.02577	0.16098	0	0.02306	0	0.08323	0	0	0	0	0	0.13834	0.12057	0.04658	0.05608	0.29906	0.22281	0	0.02866	0.02044	0	0	0.01782	0	0	0	0	0	0	0	0	0	0	0.01443	0	0.02736	0	0	0	0	0	0.19785	0	0	0	0.00049	0.02108	0.26825	0.19784	0	0	0	0	0	0	0
s__Prevotella_sp_oral_taxon_473	2|976|200643|171549|171552|1283313|712469	0	1.10537	0.02287	0	0	0	0.01717	0.0589	0	0	0	0	0	0.00458	0	0	0	0	0	1.18451	0	0.03522	0.02998	0	0.02381	0.11333	0	0.00101	0.01404	0.04097	0.09315	0	0.03264	0	0	0	0	0	0.00484	0	0	0	0	0.06874	0	0.02903	0	0	0.03677	0.01134	0.02048	0	0	0	0	0.00663	0.30151	0	0.10162	0	0.42992	0	0.02261	0	0.02642	0
s__Paraprevotella_xylaniphila	2|976|200643|171549|171552|577309|454155	0	0	0	0	0	0	0	0	0	0	0	0	0	0	0	0	0	0	0	0	0	0	0	0	0	0	0	0	0	0	0	0	0	0	0	0	0	0	0	0	0	0	0	0	0	0	0	0	0	0	0	0	0	0	0	0	0	0.01099	0	0	0	0	0	0	0	0
s__Prevotella_baroniae	2|976|200643|171549|171552|838|305719	0	0	0	0	0	0	0	0	0	0	0.00153	0	0	0	0	0	0	0	0	0	0	0.00575	0	0	0	0	0	0	0	0	0	0	0	0	0	0	0	0	0	0	0	0	0	0	0	0	0	0	0	0	0	0.0134	0	0	0	0	0	0	0	0	0	0	0	0	0	0
s__Prevotella_buccae	2|976|200643|171549|171552|838|28126	0	0	0	0	0	0	0	0	0	0	0	0	0	0	0	0	0	0	0	0	0	0	0	0	0	0.03966	0	0	0	0	0	0	0.01022	0	0	0	0	0	0	0	0	0	0	0	0	0	0	0	0	0	0	0	0	0	0	0	0	0	0.03795	0	0	0	0	0	0	0
s__Prevotella_copri	2|976|200643|171549|171552|838|165179	0	0	0	0	0.12266	0	0	0	0	0	0	0	0	0	0	0	0	0	0	0	0	0	0	0	0	0	0	0	0	0	0	0	0	0	0	0	0	0	0	0	0	0	0	0	0	0	0	0	0	0	0	0	0	0	0	0	0	0	0.39623	0	0	0	0	0	0	0
s__Prevotella_denticola	2|976|200643|171549|171552|838|28129	0	0	0.00138	0	0	0	0.14354	0	0.08866	0.04291	0.0539	0.65656	0.02747	0	0.00055	0	0.0224	0	0	0	0	0.03067	0	0.07857	0	0.30538	0.22918	0	0	0.00019	0	0.00754	0	0.00439	0	0	0.02793	0	0	0	0	0	0	0	0	0.00327	0	0	0	0	0	0.04198	0	0	0	0	0	0.11756	0.08722	0	0.01004	0	0.01453	0.00857	0	0
s__Prevotella_enoeca	2|976|200643|171549|171552|838|76123	0	0	0	0	0	0	0	0	0	0	0	0	0	0	0	0	0	0	0	0	0	0	0	0	0	0	0	0	0	0	0	0	0	0	0	0	0	0	0	0	0	0	0	0	0	0	0	0	0	0	0	0	0	0	0	0	0	0.00258	0	0	0	0	0	0	0	0
s__Prevotella_fusca	2|976|200643|171549|171552|838|589436	0	0	0	0	0	0	0	0	0	0	0	0	0	0	0	0	0	0	0	0	0	0	0	0	0	0	0	0	0	0	0	0	0	0	0	0	0	0	0	0	0	0	0	0	0	0	0	0	0	0	0	0	0	0	0	0	0	0.01711	0	0	0	0	0	0	0	0
s__Prevotella_histicola	2|976|200643|171549|171552|838|470565	0	0	0	0.24091	0	0	0	0.05671	0	0	0.07354	0	0	0.00227	0	1.60212	0.58365	0.03196	0	0	0.10201	0.06444	0.00263	0.08301	0	1.47737	0.21343	0.04271	0.1627	0.01659	0	2.62755	0	0.01235	0	0	2.04467	0.09807	0	0.165	0	0.02623	0.00951	0.02038	0	0.00157	0.01339	0.35927	0.09956	0.02286	0	0.13453	0	0.03067	0	0	0	0	1.94703	0.09659	0.37995	0	0	0.1447	0	0
s__Prevotella_intermedia	2|976|200643|171549|171552|838|28131	0	0	0	0	0	0	0.11109	0	0	0.07452	0.03413	0	0	0.06239	0	0	0	0	0	0	0	0.0148	0	0.00419	0.00253	0	0.16939	0.0108	0	0	0	0	0	0	0	0	0	0	0	0	0	0	0	0	0	0.00872	0	0	0.0132	0.01341	0	0	0	0	0	0	0.08992	0.24299	0.26447	0	0	0	0	0	0	0
s__Prevotella_jejuni	2|976|200643|171549|171552|838|1177574	0	0	0	0	0	0.01566	0.06014	0.00513	0	0	0.17729	0	0	0.00663	0	0.20417	0.17926	0.00172	0	0	0	0.00857	0.0255	0.01313	0	0.63317	0.16387	0	0	0	0	0.15707	0	0	0	0	0.04171	0.01217	0	0.06398	0	0	0	0	0	0.01881	0	0	0	0.0059	0	0.14481	0	0	0	0	0	0.21574	0.49043	0.03322	0.02705	0	0	0.0134	0.07658	0
s__Prevotella_loescheii	2|976|200643|171549|171552|838|840	0	0.00197	0	0	0	0	0	0.00202	0	0.02222	0	0	0	0	0	0	0	0	0	0	0	0.1157	0	0	0.00361	0	0	0	0.00659	0	0	0	0	0	0	0	0	0	0	0	0.00882	0	0	0.04649	0	0.03147	0	0	0	0	0	0	0	0	0	0	0	0	0	0	0	0	0	0	0	0
s__Prevotella_maculosa	2|976|200643|171549|171552|838|439703	0	0.00206	0	0	0	0	0	0	0.00333	0	0	0	0	0	0	0	0	0	0	0	0	0.01635	0	0	0	0.018	0.0294	0	0	0.00034	0	0.00874	0	0	0	0	0	0	0	0	0	0	0	0.02768	0	0	0	0	0.0117	0	0	0	0	0	0	0	0	0	0	0	0.00168	0	0	0	0	0
s__Prevotella_melaninogenica	2|976|200643|171549|171552|838|28132	0	0.01627	0.15624	1.1246	0.00548	0.09544	1.29725	0.23627	0.7963	0.4876	0.54025	0.32607	0.05201	0.04682	1.50623	2.55306	0.52405	0.19602	0.01843	0.1074	0.56238	0.99732	0.60436	0.17575	0.0278	2.09061	0.6737	0.07593	0.13399	0.12522	0	0.46781	0.03492	0.13762	0.01187	0.01125	1.94293	0.48258	0.01966	0.0591	0.0587	0.16492	0.1705	0.213	0.12922	0.20244	0.04699	0.47195	0.36885	0.16808	0.00813	3.99906	0.0696	0.04426	0.00332	0.00771	0.15672	0.5647	6.59448	0.04981	0.08534	0	0.02992	1.13906	1.06401	0.07436
s__Prevotella_micans	2|976|200643|171549|171552|838|189723	0	0.02047	0	0	0	0	0	0	0	0	0	0	0	0	0	0	0	0	0	0	0	0	0	0	0	0.02126	0	0	0	0	0	0	0	0	0	0	0	0	0	0	0	0	0	0	0	0	0	0	0	0	0	0	0	0	0	0	0	0	0	0	0	0	0	0	0	0
s__Prevotella_multiformis	2|976|200643|171549|171552|838|282402	0	0	0	0	0	0	0	0	0	0	0	0	0	0	0	0	0	0	0	0	0	0	0	0	0	0	0	0	0	0	0	0	0	0	0	0	0	0	0	0	0	0	0	0	0	0	0	0	0	0	0	0	0	0	0	0	0	0.19225	0	0	0	0	0	0	0	0
s__Prevotella_nigrescens	2|976|200643|171549|171552|838|28133	0	0.06695	0.00314	0	0	0	0	0	0.30312	0.32334	0.02787	0.31819	0.06877	0.01391	0.04275	0.21708	0.06678	0	0	0	0	0.03328	0.02668	0	0.00705	0.67745	0.38375	0.00619	0.04287	0.04094	0	0.03918	0.07876	0	0.07247	0.05759	0.1233	0.12718	0	0	0	0	0	0.174	0	0.03442	0	0	0.07256	0.00721	0	0.11395	0.10982	0.25992	0	0	0.05875	0.31597	0.16567	0	0.03617	0	0.02968	0.02957	0	0
s__Prevotella_oralis	2|976|200643|171549|171552|838|28134	0	0	0	0	0	0	0	0	0	0	0	0	0	0	0	0	0	0	0	0	0	0	0	0	0	0	0	0	0	0	0	0	0	0	0	0	0	0	0	0	0	0	0	0	0	0	0	0	0	0	0	0	0	0	0	0	0	0.00328	0	0	0	0	0	0	0	0
s__Prevotella_oris	2|976|200643|171549|171552|838|28135	0	0	0	0	0	0	0.07699	0	0.05042	0.08503	0.01804	0.08947	0.03088	0	0.05375	0.01617	0.00763	0.00239	0	0	0	0.04536	0.00955	0.02755	0.0205	0.40941	0.57257	0	0.00311	0.01965	0	0.05202	0.03365	0	0.11508	0.10511	0.17843	0.11066	0	0	0.00391	0	0	0	0	0.03828	0	0	0.02448	0.04097	0	0.05818	0	0.01421	0	0.00073	0.02361	0.20028	0.20912	0	0.01343	0	0.00333	0.04415	0.06916	0
s__Prevotella_oulorum	2|976|200643|171549|171552|838|28136	0	0.07826	0	0	0	0	0.24534	0.00762	0.07658	0	0.02024	0.05224	0.02042	0	0	0	0	0	0	0	0	0.05261	0.00457	0.00031	0.00045	0.04668	0.07759	0	0	0.00268	0	0.10039	0	0	0.01923	0.01501	0.11191	0.01496	0	0	0	0	0	0	0.01548	0	0	0.0217	0.05492	0	0	0	0	0	0	0	0	0.04633	0	0	0.17961	0	0	0.00329	0	0
s__Prevotella_pallens	2|976|200643|171549|171552|838|60133	0	0	0	0.04421	0	0.02189	0.26729	0.03692	0.14	0	0.22722	0.0051	0	0.01318	0.29016	0.24767	0.19146	0.0406	0	0	0.23735	0.38335	0.43622	0.02389	0.00197	1.69206	0.05819	0	0.06422	0.06151	0	1.38128	0	0.04517	0	0	0.11803	0.03278	0	0	0	0.00676	0.00702	0.10774	0.03264	0.01195	0	0	0.10358	0	0	0.65882	0.09186	0	0	0	0.14118	0.13855	1.97016	0	0.00536	0	0	0.17432	0.16963	0
s__Prevotella_pleuritidis	2|976|200643|171549|171552|838|407975	0	0	0	0	0	0	0	0	0	0	0.02116	0.37315	0	0	0	0.23625	0	0	0	0	0	0	0	0	0.00562	0.0629	0.34276	0.01717	0	0.02299	0	0.00974	0.07011	0	0	0	0	0	0	0	0	0	0	0.08085	0	0	0	0	0	0	0	0.07318	0	0.01278	0	0.09086	0	0.01776	0.23882	0	0	0	0.00573	0.00845	0	0
s__Prevotella_saccharolytica	2|976|200643|171549|171552|838|633701	0	0.17413	0	0	0	0	0	0	0	0	0	0	0	0	0	0	0	0	0	0	0	0	0	0	0	0.00081	0	0	0	0.00138	0	0	0	0	0	0	0	0.00686	0	0	0	0	0	0.0151	0	0.00202	0	0	0.00274	0	0	0	0	0	0	0	0	0	0	0	0	0	0	0	0	0
s__Prevotella_salivae	2|976|200643|171549|171552|838|228604	0	0	0	0	0	0.00773	0.11503	0.00245	0	0	0.06392	0	0	0.00387	0.28345	0.29496	0.08858	0.02015	0	0	0.02378	0.08263	0.01153	0.00608	0	0.76362	0.13677	0	0	0.01069	0	0.34155	0	0	0	0	0.49279	0.06694	0	0	0	0	0	0	0.00898	0	0	0.0057	0.02438	0	0	0.21012	0.05917	0	0	0	0	0.06558	0.94318	0.01839	0.09166	0	0	0.03577	0	0
s__Prevotella_scopos	2|976|200643|171549|171552|838|589437	0	0	0	0	0	0	0	0	0.01284	0	0	0	0	0	0	0	0	0.00254	0	0	0.00512	0.00269	0.08832	0	0.00059	0.25242	0.0272	0	0.00993	0	0	0	0	0.00645	0	0	0.02173	0	0	0	0	0	0	0	0	0.00231	0	0	0	0	0	0	0	0	0	0	0	0.00404	0	0.00145	0	0	0	0.00098	0	0
s__Prevotella_shahii	2|976|200643|171549|171552|838|228603	0	0.03241	0	0	0	0.01897	0	0	0.00152	0	0	0.2251	0	0.00046	0	0	0	0	0	0	0	0.24126	0.00879	0.02364	0.00325	0.87264	0	0	0.5749	0.06964	0	0	0.12127	0	0	0	0	0	0	0	0	0	0	0.0199	0	0.06481	0	0	0	0	0.00251	0	0.12317	0	0	0	0.01091	0	1.18945	0	0	0	0	0	0	0
s__Prevotella_sp_885	2|976|200643|171549|171552|838|2022527	0	0	0	0	0	0	0	0	0	0	0	0	0	0	0	0	0	0	0	0	0	0	0	0	0	0	0	0	0	0	0	0	0	0	0	0	0	0	0	0	0	0	0	0	0	0	0	0	0	0	0	0	0	0	0	0	0	0	0.00638	0	0	0	0	0	0	0
s__Prevotella_sp_F0091	2|976|200643|171549|171552|838|1227276	0	0	0	0	0	0	0.0036	0	0	0	0	0	0	0	0	0	0	0	0	0	0	0.01132	0.02949	0	0	0.01484	0.03704	0	0	0	0	0.00284	0	0	0	0	0.00689	0	0	0	0	0	0	0	0	0.00557	0	0	0	0	0	0	0	0	0	0	0	0	0	0	0	0	0	0.00144	0	0
s__Prevotella_sp_oral_taxon_299	2|976|200643|171549|171552|838|652716	0	0	0.01008	0	0	0	0	0.01861	0	0.00538	0	0.00997	0	0	0.02711	0	0	0	0	0	0	0.03409	0.02093	0	0.00686	0.09588	0	0	0.02407	0.01934	0	0	0.03011	0	0	0	0.00447	0	0	0	0.00218	0	0	0.11339	0	0.01319	0	0	0	0	0	0.00524	0	0	0	0.00383	0.01508	0	0.01695	0	0.7827	0	0	0.04229	0.07246	0
s__Prevotella_sp_oral_taxon_306	2|976|200643|171549|171552|838|712461	0	0	0	0	0	0	0.07319	0	0	0	0	0	0	0.00253	0	0.00694	0.01794	0.00888	0	0	0	0.0291	0.06344	0	0	0.17685	0.01768	0	0	0.00815	0	0.07812	0	0	0	0	0.26317	0	0	0	0	0	0	0	0	0.0006	0	0.03172	0	0	0	0	0	0	0	0	0	0.04422	0.22751	0.00719	0.01396	0	0	0.04933	0	0
s__Prevotella_veroralis	2|976|200643|171549|171552|838|28137	0	0	0	0	0	0	0.00365	0	0	0	0	0	0	0	0	0	0	0	0	0	0	0.00572	0	0	0	0.03277	0	0	0	0.00161	0	0	0	0	0	0	0.02672	0	0	0	0	0	0	0	0	0	0	0	0	0	0	0	0	0	0	0	0	0.01287	0.00255	0	0	0	0	0	0	0
s__Alistipes_putredinis	2|976|200643|171549|171550|239759|28117	0	0	0	0	0	0	0	0	0	0	0	0	0	0	0	0	0	0	0	0	0	0	0	0	0	0	0	0	0	0	0	0	0	0.02514	0	0	1.05834	0	0	0	0	0	0	0	0	0	0	0	0	0	0	0	0	0	0	0	0	0.0486	0	0	0	0	0	0	0	0
s__Alistipes_shahii	2|976|200643|171549|171550|239759|328814	0	0	0	0	0	0	0	0	0	0	0	0	0	0	0	0	0	0	0	0	0	0	0	0	0	0	0	0	0	0	0	0	0	0	0	0	0.13834	0	0	0	0	0	0	0	0	0	0	0	0	0	0	0	0	0	0	0	0	0	0	0	0	0	0	0	0	0
s__Parabacteroides_distasonis	2|976|200643|171549|2005525|375288|823	0	0	0	0	0	0	0	0	0	0	0	0	0	0	0	0	0	0	0	0	0	0	0	0	0	0	0	0	0	0	0	0	0	0	0	0	0.04595	0	0	0	0	0	0	0	0	0	0	0	0	0	0	0	0	0	0	0	0	0.05574	0	0	0	0	0	0	0	0
s__Parabacteroides_johnsonii	2|976|200643|171549|2005525|375288|387661	0	0	0	0	0	0	0	0	0	0	0	0	0	0	0	0	0	0	0	0	0	0	0	0	0	0	0	0	0	0	0	0	0	0	0	0	0.34472	0	0	0	0	0	0	0	0	0	0	0	0	0	0	0	0	0	0	0	0	0	0	0	0	0	0	0	0	0
s__Parabacteroides_merdae	2|976|200643|171549|2005525|375288|46503	0	0	0	0	0	0	0	0	0	0	0	0	0	0	0	0	0	0	0	0	0	0	0	0	0	0	0	0	0	0	0	0	0	0	0	0	0	0	0	0	0	0	0	0	0	0	0	0	0	0	0	0	0	0	0	0	0	0.03518	0.02564	0	0	0	0	0	0	0
s__Tannerella_forsythia	2|976|200643|171549|2005525|195950|28112	0	0	0	0	0	0	0	0	0.00137	0	0	0	0	0.00695	0	0	0	0	0	0	0	0.01546	0	0	0	0.02249	0.02674	0	0	0	0	0.01319	0.00552	0	0	0	0	0	0	0	0	0	0	0.02566	0	0	0	0	0	0	0	0.04619	0	0	0	0	0	0.09932	0.01341	0	0	0	0	0	0	0
s__Tannerella_sp_oral_taxon_808	2|976|200643|171549|2005525|195950|712711	0	0	0	0	0	0	0	0	0	0	0	0	0	0	0	0	0	0	0	0	0	0	0	0	0	0	0.00307	0	0	0	0	0	0	0	0	0	0	0	0	0	0	0	0	0	0	0	0	0	0	0	0	0	0	0	0	0	0	0	0	0	0	0	0	0	0	0
s__Tannerella_sp_oral_taxon_HOT_286	2|976|200643|171549|2005525|195950|712710	0.56243	1.26652	0	0	0	0	0.16193	0.11593	0.02236	0	0	0.12587	0	0	0	0	0	0	0	0.03731	0	0.16946	0.03005	0	0.0035	0.10896	0.03112	0	0.01166	0.01525	0	0.04391	0.00272	0.00881	0	0	0	1.04404	0	0	0.07965	0	0	0.66381	0	0.02842	0	0	0.23333	0.01129	0.12253	0.02037	0.11041	0.03321	0	0.00019	0.00521	0	0.59632	0	0.04782	0.04404	0.05574	0	0	0
s__Capnocytophaga_gingivalis	2|976|117743|200644|49546|1016|1017	0.06765	3.1805	0.03247	0.27724	0.58501	0.13957	0.25866	0.17973	0.03775	0.05552	0	0.00679	0.05947	0.04507	0	0.21418	0.06621	0.08481	0	1.00926	0	0.14294	0.04224	0.02012	0.04131	0.0792	0.03956	0	0.10533	0.14771	0	0.05939	0.01407	0.02032	0.16449	0.16561	0.01242	0.2766	0	0	0.36387	0	0	1.68716	0.01419	0.24351	0	0	0.0999	0.23976	0.08139	0.116	0.17374	0.04881	0	0.08913	2.09802	0	0.21467	0	0	0.3018	0.08528	0.13769	0.03857	0
s__Capnocytophaga_granulosa	2|976|117743|200644|49546|1016|45242	0.46302	0.23744	0	0.55237	0.23256	0.01432	0.04694	0.10102	0	0	0	0	0	0.00196	0	0	0	0.00254	0	0.01977	0	0.02216	0.00752	0.12937	0.00822	0	0.10254	0	0.01488	0.04451	0	0.11965	0	0.08197	0	0	0.12497	6.48024	0	0	0.10656	0	0	0.06612	0	0.02736	0	0	0.13893	0.0462	0	0	0	0	0	0	0	0	1.42344	0	0	0	0.04223	0.00249	0	0.24178
s__Capnocytophaga_haemolytica	2|976|117743|200644|49546|1016|45243	0	0	0	0	0	0	0	0	0	0	0	0	0	0	0	0	0	0	0	0	0	0	0.00488	0	0	0	0	0	0	0	0	0	0	0	0	0	0	0	0	0	0	0	0	0	0	0	0	0	0	0	0	0	0	0	0	0	0	0	0	0	0	0	0	0	0	0
s__Capnocytophaga_leadbetteri	2|976|117743|200644|49546|1016|327575	0	1.73741	0.04102	0.31024	1.05992	0.05183	0.23039	1.0712	0	0.45072	0.00239	0.02768	0.04465	0.11712	0.81362	0.17925	0.06025	0.01636	0	0.07343	0	0.07391	0.09536	0.07217	0.10881	0.16979	0.55211	0	0.16289	0.28805	0	0.14855	0.01661	0.83369	0	0	0.38747	7.65959	0	0	0.51656	0.01697	0.03102	0.21842	0.09697	0.17398	0.10471	0	0.10655	0.03234	0.35614	0.02545	0.23071	0.04145	0	0.04851	0.23689	0	1.2525	0.00083	1.09141	0.10296	0.86068	0.05988	0.09127	0.05282
s__Capnocytophaga_ochracea	2|976|117743|200644|49546|1016|1018	0.8922	0.32147	0	0	0	0.00179	0.32809	0.1037	0.82348	0.00819	0	0.26945	0.00263	0	0	0	0	0	0	0.07298	0	0.19935	0.03119	0	0.00172	0.06637	0.30862	0	0.08357	0.00815	0	0.0105	0.00883	0.01884	0	0	0.04482	1.16052	0	0	0.11612	0	0	0.7199	0	0.00384	0	0	0.10937	0	0	0.05394	0	0	0	0.01135	0.00959	0	0.06363	0	0	0	0.03285	0.0139	0	0
s__Capnocytophaga_sp_oral_taxon_332	2|976|117743|200644|49546|1016|712213	0.03838	0	0	0	0	0	0	0.19284	0	0	0	0	0	0	0	0	0.01777	0	0	0.00372	0	0.05671	0.00811	0	0.01438	0	0	0	0	0.05291	0	0	0	0	0	0	0.09054	0	0	0	0	0	0	0	0	0.00235	0	0	0	0	0	0	0	0	0	0	0	0	0.00342	0	0	0	0.17677	0	0	0
s__Capnocytophaga_sp_oral_taxon_338	2|976|117743|200644|49546|1016|710239	0	0	0	0	0	0	0	0	0	0	0	0	0	0	0	0	0	0	0	0	0	0.00073	0	0	0	0	0	0	0	0	0	0	0	0	0	0	0	0.06599	0	0	0	0	0	0.00983	0	0	0	0	0.01989	0	0	0	0	0	0	0	0	0	0	0	0	0	0	0.0028	0	0
s__Capnocytophaga_sp_oral_taxon_863	2|976|117743|200644|49546|1016|1227265	0	0.01313	0	0	0	0	0	0.04175	0	0	0	0	0	0	0	0	0	0	0	0	0	0.00034	0	0.00253	0.00504	0	0	0	0	0.01026	0	0	0	0	0	0	0	0	0	0	0	0	0	0	0	0.01761	0	0	0	0	0	0	0	0	0	0	0	0	0	0	0	0	0.04979	0	0	0
s__Capnocytophaga_sputigena	2|976|117743|200644|49546|1016|1019	0	2.59344	0	0.12489	0.43844	0.45276	1.05403	0.16772	0.04991	0.04437	0	0.17615	0.03398	0.04426	0	0	0.00574	0.17459	0	1.57757	0	0.29061	0.05163	0.01046	0.13608	0.2524	0.06737	0	0.14545	0.15451	0	0.09699	0.04806	0.0075	0	0	0.07022	0.27157	0	0	0.42094	0.0654	0.09764	0.40707	0.01064	0.41746	0.03656	0	0.38825	0.43612	0.3377	0.05714	0.03628	0.01539	0	0.20761	1.62133	0	0.29627	0	0.0037	0.20466	0.072	0.14416	0	0
s__Cloacibacterium_normanense	2|976|117743|200644|49546|501783|237258	0	0	0	0	0	0	0	0	0.04124	0	0	0	0	0	0	0	0	0	0	0	0	0.42798	0	0	0	0	0	0	0	0	0	0	0	0	0	0	0	0	0	0	0	0.01099	0.00597	0.04168	0	0	0	0	0.02409	0.11618	0	0	0.46414	0.04639	0.16359	0	0	0	0	0	0	0	0	0	0	0
s__Chlamydia_ibidis	2|204428|204429|51291|809|810|1405396	0	0	0	0	0	0	0	0	0	0	0	0	0	0	0	0	0	0	0	0	0	0	0	0	0	0	0	0	0	0	0	0	0	0	0	0	0	0	0	0	0	0	0	0	0	0	0	0	0	0	0	0	0	0	0	0	0	0.1592	0	0	0	0	0	0	0	0
s__Gemella_bergeri	2|1239|91061|1385||1378|84136	0	0	0	0	0	0.00575	0.00966	0	0	0.01693	0	0	0	0	0	0	0	0	0	0	0	0.00165	0	0	0.00158	0.00525	0.00565	0	0	0.00584	0	0.02819	0.00748	0	0	0	0	0	0	0	0	0	0	0	0	0.00262	0	0	0	0	0	0.04613	0	0	0	0	0	0	0	0.00475	0	0	0	0.00378	0	0
s__Gemella_haemolysans	2|1239|91061|1385||1378|1379	24.7474	6.0981	2.41516	3.19914	1.82212	21.31432	16.86653	8.78247	0.8259	13.47328	5.27906	10.13678	15.32565	1.4074	17.71064	6.86504	13.74928	5.43651	2.43168	2.74424	29.83608	3.75761	4.95672	10.27174	27.17793	4.45198	10.73379	16.19713	2.00731	14.15098	4.51924	0.40656	5.25173	15.93295	3.2006	3.90327	2.22796	0.60138	18.4726	1.73399	0.68577	1.57864	2.08944	8.9694	4.10529	14.28773	22.77391	0.6868	15.46194	20.1071	3.29784	6.33648	5.58768	8.73057	10.61692	5.26613	7.17598	3.92079	18.11944	6.28802	1.68528	9.34832	0.92496	10.68708	6.72729	5.51508
s__Gemella_morbillorum	2|1239|91061|1385||1378|29391	0.48573	0.32081	0.01198	0.13454	0.06063	0.19024	0.31167	0.28341	0.00997	0.18544	0.03729	0.74914	0.15285	0.05403	0.12535	0.42321	0.18013	0.09189	0	0.48843	0.05916	0.526	0.42253	0.0557	0.1228	0.16415	0.36601	0.21779	0.23438	0.10953	0.02831	0.04498	0.08349	0.09437	0.0183	0.03643	0.07945	0.37873	0.11812	0	0.10914	0.01699	0.01108	0.24506	0.02872	0.34618	0.07223	0	0.25628	0.04965	0.18341	0.23774	0.19688	0.1148	0.03392	0.05402	0.19236	0.10255	0.7968	0.06779	0.00354	0.3526	0.79181	0.0309	0.30787	0.01084
s__Gemella_sanguinis	2|1239|91061|1385||1378|84135	0.7752	0.19949	0.45133	0.79296	0.03024	0.33931	0.70391	0.45283	0.79491	0.29704	0.11132	1.32509	0.34631	0.13218	0.29152	0.82619	0.1938	0.77741	0.13671	0.1069	0.26209	0.54017	0.38981	0.20326	0.52323	0.2758	0.39686	0.77351	0.34373	0.3152	0.14415	0.13453	0.37679	0.50026	0.27354	0.25501	0.5358	0.24823	0.29703	0	0.1705	0.22154	0.30558	1.16382	0.15784	0.84484	0.3467	0.02581	0.45095	0.2313	1.03484	2.19054	2.15893	0.27507	0.12375	0.25833	0.29494	0.25369	2.41362	0.21133	0.05958	0.35881	0.1466	0.81476	0.73402	0.13636
s__Listeria_monocytogenes	2|1239|91061|1385|186820|1637|1639	0	0	0	0	0	0	0	0	0	0	0	0	0	0	0	0	0	0	0	0	0	0	0	0.00108	0	0	0	0	0	0	0	0	0	0	0	0	0	0	0	0	0	0	0	0	0	0	0	0	0	0	0	0	0	0	0	0	0	0	0	0	0	0	0	0	0	0
s__Abiotrophia_defectiva	2|1239|91061|186826|186827|46123|46125	0.13028	0.13205	0.00276	0	0.0005	0.91709	0.41782	0.69523	0	0	0	0.15007	0.17715	0	0.00082	0	0	0.32574	0.02224	0.40696	0	1.27051	0.07756	0	0.04535	0.04022	0.00932	0.05229	0.0282	0.01655	0	0	0.10865	0	0.00646	0.00207	0	0	0.08997	0	0.0036	0.30978	0.25793	0.1893	0	0.14881	0	0	0.04093	0.08477	0.05643	0	0	0	0	0.22506	0.14202	0.06992	0.05997	0.00965	0	0.25962	0.80833	0.01802	0	0
s__Abiotrophia_sp_HMSC24B09	2|1239|91061|186826|186827|46123|1581061	0.00153	0.06217	0.00787	0	0	0.78634	0.25388	0.42349	0	0	0	0.19815	0.11121	0	0	0	0	0.14704	0	0.16849	0	0.64343	0.24398	0	0.07761	0.07773	0.05417	0.0378	0.3177	0.0152	0	0	0.09974	0	0	0	0	0	0.08353	0	0.01824	0.23782	0.24153	0.14548	0	0.17624	0.00192	0	0.0113	0.05221	0.10073	0	0	0	0	0.28172	0.10565	0.0762	0.1093	0.00746	0	0.51455	0.66614	0.06627	0.00273	0
s__Granulicatella_adiacens	2|1239|91061|186826|186828|117563|46124	0	0.02981	0	0	0.02099	0.00701	0	0.04025	0	0.00785	0	0.09282	0	0	0	0	0.00397	0.01254	0	0.00986	0	0.06785	0.01407	0	0.00724	0.0092	0.06555	0	0.00937	0.00989	0.0714	0.03539	0.01119	0.00355	0.01287	0.01188	0.02152	0.05155	0.14056	0	0.02713	0.00753	0.03499	0.08484	0.00598	0	0	0	0.07525	0.02864	0	0.10564	0	0	0	0.01078	0	0	0.05952	0	0	0	0.01213	0.00589	0	0
s__Granulicatella_elegans	2|1239|91061|186826|186828|117563|137732	2.9156	1.42624	0.04291	0	0.95224	2.81457	0.24919	4.82969	0.16117	0.20477	0.58726	1.26707	9.0975	0.10053	0.03956	0.74359	4.8993	0.21377	0.2874	1.67942	0	0.53494	0.35537	0.29193	0.60164	1.09707	0.09901	0.11171	1.21102	10.9873	12.70582	0.02674	0.80307	0.04754	0.01474	0.00435	0.06115	0	1.70003	0	0.03294	0.05629	0.07531	3.27151	0.16457	4.19033	0.06672	0	1.50003	6.93917	0.19526	0.4178	0.03943	0.06104	0.01939	0.10821	0.39893	0.155	0.18859	1.97804	0.12526	0	1.98213	0.06422	0.53637	0.11474
s__Lactobacillus_helveticus	2|1239|91061|186826|33958|1578|1587	0	0	0	0	0	0	0	0	0	0	0	0	0	0	0	0	0	0	0	0	0	0	0	0	0	0	0	0	0	0	0	0	0	0	0	0	0	0	0	0	0	0	0	0	0	0	0	0	0	0	0	0	0	0	0	0	0	0	0	0	0	0	0	0	0	0.7006
s__Lactococcus_lactis	2|1239|91061|186826|1300|1357|1358	0	0	0	0	0	0	0	0	0	0	0	0	0	0.01222	0	0	0	0	0	0	0	0	0	0.08408	0	0	0	0	0	0	0	0.00779	0	0	0	0	0	0	0	0	0	0	0	0	0	0	0	0	0	0	0	0	0	0	0	0	0	0	0	0	0	0	0	0	0	0
s__Streptococcus_agalactiae	2|1239|91061|186826|1300|1301|1311	0	0	0	0	0	0	0	0	0	0	0	0	0	0.01405	0	0	0	0	0	0	0	0	0	0	0	0	0	0	0	0	0	0	0	0	0	0	0	0	0	0	0	0	0	0	0	0	0	0	0	0	0	0	0	0	0	0	0	0	0	0	0	0	0	0	0	0
s__Streptococcus_anginosus_group	2|1239|91061|186826|1300|1301|671232	0	0	0	0	0	0	0	0	0.06103	0.00489	0	0	0	0	0	0	0	0	0	0	0	0	0	0.00301	0.00322	0.00251	0.04751	0	0	0	0	0.06721	0.00111	0	0	0	0.02653	0	0	0	0	0	0	0.00288	0	0	0	0	0.00454	0	0	0.01221	0	0	0.02382	0	0	0	0.05895	0	0.00198	0	0	0	0	0
s__Streptococcus_australis	2|1239|91061|186826|1300|1301|113107	0	0.01323	1.31181	0	0	0.01804	0.19246	0.07725	0.32397	0.31535	0	0.13322	0.01366	0.12568	0.03575	0	0.01864	5.28151	0	0.01164	0.05365	0.09845	0.14289	0.02049	0.03219	0.06095	0.0269	0.01701	0.14827	0.03119	0	0	0.17938	0.07217	0.56677	0.59359	0.00281	0.1175	0.01483	0.26938	0.06594	0.85429	0.97338	0.23131	0.03718	0.12968	0	0	0.97512	0	0.27046	0	1.03564	0	0.04415	0.10367	0.07231	1.7959	0.24794	0.08346	0	0	0.01281	0.22584	0.02548	0
s__Streptococcus_cristatus	2|1239|91061|186826|1300|1301|45634	0	0.11017	0	0.11242	0.03962	0.12917	1.79609	0.42153	0.49315	0	0.16083	0.55869	0.16486	0.04539	0.003	0.55237	0.0101	0.01556	0	0	0	0.37051	0.27657	0.11011	0.01457	0.19015	0.77784	0	0	0.01332	0.00154	0	0.04165	0.20143	0	0	0.23505	2.40333	0	0	0.21153	0	0	0.15368	0	0.03124	0.01249	0.05291	0.27077	0.02874	0	0.02581	0.02644	0.34339	0	0.00943	0	0.05833	0.70357	0	0	0.86297	0.06949	0.00786	1.09372	0.01939
s__Streptococcus_gordonii	2|1239|91061|186826|1300|1301|1302	0.37485	1.08328	0	4.13565	1.72459	0.91784	3.85669	3.41257	0.19043	0.0742	0.10099	1.13309	0.3083	0.02206	0.63877	3.31492	0.17229	0.16181	0.20877	2.07195	1.47827	3.18634	0.28198	0.14948	0.12084	0.05615	0.24084	1.55778	1.02908	0	0.02316	0	0.3111	0.00623	0	0	1.17236	1.13023	2.18094	1.67385	0.38797	0.32445	0.40138	1.04595	0.01892	10.58719	0.27201	0.90115	0.76435	0.53404	0.86471	1.5532	0.72497	0.59211	0.2094	0.93409	0.31968	1.1117	0.52165	0.45563	1.97854	1.20708	6.87189	0	0.07537	1.51255
s__Streptococcus_infantis	2|1239|91061|186826|1300|1301|68892	0	1.04296	8.42982	0.5231	0.04124	0.1564	0.8974	0.10143	0.46298	0.8322	0.23401	1.13582	0.05703	0.21377	0.29402	0.49615	0.13856	0.84795	0.48395	0.17701	0.29562	4.63762	1.59019	0.15173	0.22931	0.69269	1.00723	0.12645	0.58385	0.10381	0	0.39604	5.05319	0.37834	1.92595	2.3916	0.88791	0.5748	0.08925	0.3039	0.1648	0.67307	0.75354	0.93203	0.19923	1.97609	0.07854	0.21914	0.74064	0.27862	0.23498	1.10272	2.60336	0.16956	0.52523	0.55124	2.05523	0.52128	0.85004	0.15295	0.00815	0.11329	0.15655	1.09278	0.7277	0.16548
s__Streptococcus_milleri	2|1239|91061|186826|1300|1301|33040	0	0	0	0	0	0	0	0	0	0.03178	0.01715	0	0	0	0	0	0	0	0	0	0	0	0	0	0.00358	0.00856	0	0	0	0	0	0	0	0	0	0	0	0	0	0	0	0	0	0	0	0	0	0	0	0	0	0	0	0	0	0	0	0	0	0	0	0	0	0.00273	0	0
s__Streptococcus_mitis	2|1239|91061|186826|1300|1301|28037	36.25402	33.39984	12.71589	35.70435	40.45287	40.64013	23.37682	25.24894	59.40848	35.74628	79.33817	43.21753	47.51921	69.29865	57.68561	36.28151	42.96928	21.18339	66.659	21.73272	38.46798	25.86105	49.04048	57.04664	36.20365	44.37407	37.86572	59.57254	66.88077	42.67843	66.92952	17.89147	50.54572	64.69077	24.41451	24.05054	40.04232	8.51355	57.34829	12.71626	25.59032	43.15283	50.97633	24.82629	69.90695	31.9884	42.8791	25.91928	26.54916	46.90559	72.32535	34.224	26.23691	64.39054	78.56461	9.38455	43.43836	38.22493	5.9975	55.94683	62.75978	58.08469	49.8862	58.14977	26.49856	67.61283
s__Streptococcus_mutans	2|1239|91061|186826|1300|1301|1309	0	0	0	0	0	0	0.48308	0	0	0	0	0	0	0	0	0	0	0	0	0	0	0	0.00588	0	0	0	0	0	0	0	0	0	0	0	0	0	0.01883	0.06494	0	0	0	0	0	0.02144	0	0	0	0	0.03041	0	0	0.10036	0	0	0	0	0	0	0	0	0.02666	0	0	0	0	0
s__Streptococcus_oralis	2|1239|91061|186826|1300|1301|1303	2.66438	4.70456	1.30631	13.30639	11.04597	3.23538	6.60627	8.58892	3.91958	19.80567	3.2803	6.84242	7.84379	2.64941	3.96611	10.37392	4.53755	2.74849	3.90142	21.88184	2.0511	6.08821	2.70972	1.05753	2.00687	2.56252	4.99284	4.67159	4.40307	1.66915	4.49367	0.85043	2.83029	3.54467	21.42674	22.60076	5.99178	8.02936	4.02208	4.63269	10.25057	2.8378	3.4155	1.41933	1.95602	2.93845	5.53238	7.58706	2.55073	4.79675	3.28598	10.36252	2.90049	4.26724	1.44737	4.61368	2.44199	2.79246	1.3392	3.28402	1.24107	2.48096	7.37045	4.23869	4.49514	4.76931
s__Streptococcus_parasanguinis	2|1239|91061|186826|1300|1301|1318	0.0075	0.01422	2.15862	1.6664	0.08815	0.11585	0.92929	0.07264	0.28869	0.05538	0.36852	0.02054	0.00538	0.03074	0.25039	6.25845	0.39781	0.22952	0.25016	0.00695	0.43442	0.18886	0.00758	0.10681	0.00365	0.35995	0.83612	0.14239	0.05887	0.00656	0	3.37122	0.00971	0.05949	0.59907	0.54269	1.56887	0.39268	0.0049	0.393	0.002	0.38319	0.47913	0.0985	0.08776	0.06615	0.10982	4.24287	0.307	0.07666	0	3.75654	0.42622	0.01646	0.10527	0.03742	0	1.49868	3.17906	0.18093	0.47059	0	0.03556	0.86407	0.89588	0.74056
s__Streptococcus_peroris	2|1239|91061|186826|1300|1301|68891	0	0	0	0	0	0	0	0	0	0	0	0	0	0	0	0	0	0	0	0	0	0	0	0	0.00168	0	0	0	0	0	0	0	0	0	0	0	0	0	0	0	0	0	0	0	0	0	0	0	0	0	0	0.90269	0	0	0	0	0	0	0.03603	0	0	0	0	0	0	0
s__Streptococcus_pneumoniae	2|1239|91061|186826|1300|1301|1313	0	1.62398	0	0	2.8536	1.40439	0	0.95851	2.48382	0	3.19891	0	0	4.29674	0.53185	0	2.46128	0	2.90134	0	0	0	0	2.86626	2.57377	2.02989	2.95597	2.1398	0	1.80582	0	0	2.10381	1.6931	0	0	0	0	2.91215	0	1.18333	2.945	3.40727	0	0	0	0	0	0	2.00506	0	0	0	3.81113	0	0.00853	0	2.6156	0	5.114	0	0	0	3.91514	1.38327	2.31889
s__Streptococcus_pseudopneumoniae	2|1239|91061|186826|1300|1301|257758	1.36026	0.38053	0.0089	0	0.33603	0.61262	0.04126	0.72821	0.28374	1.29861	0	1.15529	2.09014	0.01497	0.40208	0	0.19538	0	3.70502	0.73032	0	0.02932	0.97135	7.73799	0.16066	0.13629	0.62036	1.58102	0	0.17301	0	0	0.2988	0.05552	5.93084	5.50734	0.04753	0	0.15133	0.71493	0	1.08458	2.08895	0.20513	2.1547	0.94477	0.03467	0	0.34867	0.83808	0.27394	0.20902	0	1.35417	0	0.01602	1.6792	0.50286	0.0436	0.09057	0	0.75784	0.08145	0.55166	1.2446	0.58902
s__Streptococcus_salivarius	2|1239|91061|186826|1300|1301|1304	0	0.00922	0	0	0	0.35833	0.57877	0.11299	0.85717	0	0.12363	0.11691	0.0632	0.13422	0.57306	2.43831	0.64699	0.10014	0.1258	0	0.14033	0.08551	0	0.10932	0.18189	0.57502	0.43216	0.33227	0.10343	0.1243	0	6.28122	0.01768	0.14142	0.11768	0.15648	1.25392	0.56762	0.01068	0.06054	0.01617	0.05415	0.11942	0	0.02368	0.02283	0	9.80814	0.05646	0.02957	0	0.84628	0.04918	0	0	0	0	0.92788	5.56409	0.12306	0.32975	0	0.02857	0.29259	1.07611	0.3222
s__Streptococcus_salivarius_CAG_79	2|1239|91061|186826|1300|1301|1263109	0	0	0	0	0	0	0	0	0	0.01314	0	0	0	0	0	0	0	0	0	0	0	0	0	0	0	0	0	0	0	0	0	0	0	0	0	0	0	0	0	0	0	0	0	0	0	0	0	0	0	0	0	0	0	0	0.0019	0	0	0	0	0	0	0	0	0	0	0
s__Streptococcus_sanguinis	2|1239|91061|186826|1300|1301|1305	0	1.80057	0.08704	2.91526	2.37173	1.11433	1.95122	0.76698	2.74767	1.04719	0	1.71934	0.99443	0.87989	0.02569	2.45159	0.76564	0.88526	0.21925	4.74712	1.39338	3.34432	0.46627	0.21755	0.37836	1.17903	3.27885	3.03019	0.90808	0.08546	0.5274	3.72363	0.13878	0.99908	1.69252	1.9056	0.73925	5.12105	0.68196	1.61184	5.7571	1.37624	1.61384	0.85958	0.09563	0.3358	1.0363	0.85177	2.24514	0.58977	1.88058	0.11388	1.74095	0.08415	0.13844	2.17096	0.54572	0.86711	0.84386	0.38189	0.15202	4.04102	0.91926	0.39729	3.4524	0.84412
s__Streptococcus_sinensis	2|1239|91061|186826|1300|1301|176090	0	0	0	0	0	0.00845	0.01016	0	0	0	0	0	0	0	0	0	0	0	0	0	0	0	0	0	0	0.00644	0	0	0	0	0	0	0	0	0	0	0	0	0	0	0	0	0	0	0	0	0	0	0	0	0	0	0	0	0	0	0	0	0	0	0	0	0	0	0	0
s__Streptococcus_sp_A12	2|1239|91061|186826|1300|1301|1759399	0	0.0064	0.0064	0	0	0.00723	0	0	0	0	0	0.06047	0	0.0141	0	0	0	0	0.02457	0.03942	0.03223	0.0169	0.02014	0	0.02135	0.07546	0	0.03414	0	0.00397	0	0	0.00459	0.01741	0	0	0	0	0	0	0.04359	0.00786	0	0.02738	0.01026	0.02749	0	0	0.03736	0	0	0	0	0	0	0.02606	0.10323	0	0.04597	0	0	0	0	0.00882	0.01539	0
s__Streptococcus_sp_F0442	2|1239|91061|186826|1300|1301|999425	0	0.0025	0.04208	0	0	0	0	0	0	0	0	0.05156	0	0	0	0	0.0225	0.00282	0.00474	0.01752	0	0.05386	0	0	0	0.00979	0.00893	0.02251	0.01425	0.00965	0	0	0.01886	0.07084	0.07452	0.08213	0.05305	0	0	0	0	0.03213	0.05239	0.00413	0	0	0	0	0.04021	0	0	0.04222	0.30272	0	0.00265	0.03737	0	0.11403	0.07259	0.04022	0	0	0	0.07102	0	0
s__Streptococcus_sp_HMSC034E03	2|1239|91061|186826|1300|1301|1739309	0	0.05198	0	0	0.00469	0.1042	0.00841	0	0.06928	1.46513	0	0.15297	0.01768	0.8699	0.07141	0	0.39815	0	0.02434	0	0.02182	1.10281	0.25859	0.06999	0.03028	0.25876	0.02024	0	0.02535	0.02416	0	0.08863	0.2594	0.24036	0.13894	0.15511	0.01005	0.07707	0.02432	0.03105	0.03228	0.04371	0.10733	0.01548	0.00415	0.04422	0	0.05024	0.04203	0	0	0.06119	0.06551	0.27963	0.27239	0	0.03414	0.25111	0.14593	0.05118	0.02027	0	0.07871	0.56781	0	0.21292
s__Streptococcus_sp_HMSC067H01	2|1239|91061|186826|1300|1301|1739491	0	0.02331	0.00195	0	0	0.16876	0.13895	0	0.03505	0.04386	0	0	0	0.11132	0.00727	0	0.06881	0.00762	0.04295	0.0122	0.01333	0.03493	0.12822	0.04877	0.05589	0.27257	0.01799	0	0.13646	0.01406	0	0.00604	0.20493	0.11358	0.01467	0.02004	0	0.0807	0.00866	0	0	0	0	0.00633	0.00477	0.07609	0	0	0.03346	0	0	0.00901	0.41033	0	0.07433	0	0.08195	0.09831	0.24022	0.00715	0	0.29486	0.04834	0.03521	0.24425	0.03958
s__Streptococcus_sp_HMSC070B10	2|1239|91061|186826|1300|1301|1715092	0	0	0.01645	0	0	0	0	0	0	0	0	0	0	0	0	0	0	0	0	0	0	0	0	0	0	0	0	0	0	0	0	0	0	0	0	0	0	0	0	0	0	0	0	0	0	0	0	0	0	0.00868	0	0.01766	0	0	0	0.02634	0.03486	0	0	0	0	0	0	0	0	0
s__Streptococcus_sp_HMSC071D03	2|1239|91061|186826|1300|1301|1739341	0	0.00578	0	0	0	0.00352	0.01505	0	0	0.31405	0	0	0.05811	0.00584	0	0	0	0	0	0.01801	0	0.02723	0.53071	0.03986	0.03052	0.09472	0	0	0.01181	0.00229	0	0	0.08144	0.16622	0	0	0	0	0	0	0	0	0	0	0	0.05719	0	0	0	0.01168	0	0.02712	0.09181	0	0.00803	0	0	0.2557	0.02035	0.03232	0	0	0	0.00348	0.07326	0.08609
s__Streptococcus_sp_HPH0090	2|1239|91061|186826|1300|1301|1203590	0	0	0.00332	0	0	0.00638	0	0	0	0	0	0	0	0	0	0	0	0	0	0	0	0.00915	0.00695	0.00767	0.00103	0	0	0	0	0	0	0.08307	0.00604	0	0	0	0	0	0	0	0	0	0	0	0	0.00615	0	0	0	0	0	0	0	0	0	0.00183	0	0.0244	0.01004	0	0	0	0	0.00374	0	0
s__Streptococcus_sp_M334	2|1239|91061|186826|1300|1301|563038	0	0.10849	0	0	0	0	0.01213	0.01772	0.2955	0	0	0	0	0	0	0	0	0	0.79349	0.09739	0	0	0.10048	10.93282	0.58361	0	0	0	0	0.06252	0	0	1.90253	0	0	0	0	0	0	0.07676	0	0	0	0	0	0.00248	0	0	0	0.0397	0	0	0	0	0	0	0	0.84865	0	0.01592	0	0	0	0	0.17074	0
s__Streptococcus_sp_NLAE_zl_C503	2|1239|91061|186826|1300|1301|1855327	0	0.08908	0	0	0	0	0	0	0	0	0	0	0	0	0	0	0	0	0	0	0	0	0	0	0	0	0	0	0.0818	0	0	0	0	0	0	0	0	0	0	0	0	0	0	0	0	0	0.03623	0.15784	0.02505	0	0	0	0	0	0	0	0	0	0	0	0	0	0	0	0	0
s__Streptococcus_sp_SK643	2|1239|91061|186826|1300|1301|1095727	0	0	0	0	0	0	0	0	0	0	0	0	0	0	0	0	0	0	0	0	0	0	0	0	0	0	0	0	0	0	0.002	0	0	0	0	0	0	0	0	0	0.0052	0	0	0	0	0	0	0	0	0	0	0	0	0	0.2847	0	0	0	0	0	0	0	0.00514	0	0	0
s__Streptococcus_sp_oral_taxon_056	2|1239|91061|186826|1300|1301|712620	0	0	0	0	0	0	0.03039	0	0	0	0	0	0	0	0	0	0	0	0	0.00495	0	0.00125	0	0	0	0	0	0	0	0	0	0.00365	0	0	0	0	0	0	0	0	0	0	0	0	0	0	0	0	0	0	0	0	0	0	0	0	0	0	0	0	0	0	0	0	0	0
s__Streptococcus_sp_oral_taxon_058	2|1239|91061|186826|1300|1301|712622	0	0	0	0	0	0	0	0	0	0	0	0	0	0	0	0	0	0	0	0	0	0.01685	0	0	0	0.00625	0.01296	0	0	0	0	0.04447	0	0	0	0	0	0	0	0	0	0	0	0.01307	0	0	0	0	0	0	0	0	0	0	0	0	0	0	0.01275	0	0	0	0.02514	0	0	0
s__Streptococcus_thermophilus	2|1239|91061|186826|1300|1301|1308	0	0	0	0	0	0	0	0	0	0	0	0	0	0	0	0	0	0	0	0	0	0	0	0	0	0.06424	0	0	0	0	0	0	0	0	0	0	0	0	0	0	0	0	0	0	0	0	0	0	0	0	0	0	0	0	0	0	0	0	0	0	0.02627	0	0	0	0	0.91367
s__Streptococcus_vestibularis	2|1239|91061|186826|1300|1301|1343	0.40076	1.03423	0	0	1.44344	0.24037	2.69662	0.29072	0.05049	0	0.12005	0	0	0.00376	0.13398	0.55162	0.44877	0.01029	0.06575	0	0.66498	0	0	0.04411	0	0.1181	0.01287	2.25762	0	0.00272	0	1.21058	0.02722	0.04367	0.04785	0.03477	2.01556	0	0.63367	0	1.34465	0.0906	0.03042	0.0128	0.04911	0.00237	0	23.91651	0	1.29298	0	0.31693	0	0.42043	0	0.00272	0	0.30532	0	0.04467	0.26837	0	0	0.01699	4.79105	0.01568
s__Streptococcus_viridans	2|1239|91061|186826|1300|1301|78535	0	0	0	0	0	0	0	0	0	0	0	0	0	0	0	0	0	0	0	0	0	0	0	0	0	0	0	0	0	0	0	0	0.00801	0	0	0	0	0	0	0	0	0	0	0	0	0	0	0	0	0	0	0	0	0	0	0	0	0	0	0	0	0	0	0	0	0
s__Eubacterium_brachy	2|1239|186801|186802|543314||35517	0	0	0	0	0	0	0	0	0.07852	0.00619	0	0	0	0	0	0	0	0	0	0	0	0	0	0	0.0017	0.0362	0.12057	0.00759	0	0.01632	0	0	0.01646	0	0	0	0	0	0	0	0	0	0	0.10466	0	0	0	0	0.00794	0	0	0.11332	0	0.03026	0	0	0	0.01453	0	0	0	0	0	0.00542	0	0
s__Eubacterium_infirmum	2|1239|186801|186802|543314||56774	0	0	0	0	0	0	0	0	0.07343	0	0	0	0	0	0	0	0	0	0	0	0	0.00811	0	0	0	0.02614	0	0	0	0.00227	0	0	0	0	0	0	0	0	0	0	0	0	0	0	0	0	0	0	0	0	0	0	0	0	0	0	0	0	0.02513	0	0	0	0	0	0	0
s__Eubacterium_nodatum	2|1239|186801|186802|543314||35518	0	0	0	0	0	0	0	0	0	0	0	0	0	0	0	0	0	0	0	0	0	0	0	0	0	0	0	0	0	0	0	0	0	0	0	0	0	0	0	0	0	0	0	0	0	0	0	0	0	0	0	0.03709	0	0	0	0	0	0.01478	0	0	0	0	0	0	0	0
s__Eubacterium_saphenum	2|1239|186801|186802|543314||51123	0	0	0	0	0	0	0	0	0.00334	0	0	0	0	0	0	0	0	0	0	0	0	0	0	0	0	0	0	0	0	0	0	0	0	0	0	0	0	0	0	0	0	0	0	0	0	0	0	0	0	0	0	0	0	0	0	0	0	0	0.00414	0	0	0	0	0	0	0
s__Eubacterium_sulci	2|1239|186801|186802|543314||143393	0	0	0	0	0	0	0.13235	0.02673	0.06729	0	0	0.05126	0	0	0.0218	0	0.02098	0	0	0	0.00731	0.22369	0.01953	0	0	0.31458	0	0	0.00312	0.01111	0	0.04605	0	0.00522	0	0	0.00244	0	0	0	0	0	0	0	0.01405	0.0138	0	0	0	0	0	0.02593	0	0	0	0	0	0	0.21331	0	0	0	0	0.08066	0	0
s__Mogibacterium_diversum	2|1239|186801|186802|543314|86331|114527	0	0	0	0	0	0	0.09537	0.06228	0.02092	0	0	0	0	0	0.04973	0	0.00876	0.00671	0	0	0	0.06909	0	0	0	0.22865	0.00099	0	0	0.00294	0	0.0436	0	0	0	0	0.14251	0	0	0	0	0	0	0	0.01406	0.01249	0	0	0	0	0	0.13628	0	0	0	0	0	0	0.22652	0.00185	0	0	0	0.06898	0	0
s__Mogibacterium_pumilum	2|1239|186801|186802|543314|86331|86332	0	0	0	0	0	0	0	0	0	0	0	0	0	0	0	0	0	0	0	0	0	0.00439	0	0	0	0	0	0	0	0	0	0	0	0	0	0	0	0	0	0	0	0	0	0	0	0	0	0	0	0	0	0	0	0	0	0	0	0	0	0	0	0	0	0	0	0
s__Butyrivibrio_crossotus	2|1239|186801|186802|186803|830|45851	0	0	0	0	0	0	0	0	0	0	0	0	0	0	0	0	0	0	0	0	0	0	0	0	0	0	0	0	0	0	0	0	0	0	0	0	0	0	0	0	0	0	0	0	0	0	0	0	0	0	0	0	0	0	0	0	0	0	0	0	0	0	0	0	0.23267	0
s__Catonella_morbi	2|1239|186801|186802|186803|43996|43997	0	0.03283	0	0	0	0	0	0	0	0.00168	0	0	0	0	0	0	0	0	0	0	0	0	0	0	0	0	0.01259	0	0	0.00395	0	0	0.0014	0	0	0	0	0	0	0	0	0	0	0.00586	0	0	0	0	0	0	0	0	0	0	0	0	0	0	0.001	0	0	0	0	0	0	0
s__Johnsonella_ignava	2|1239|186801|186802|186803|43994|43995	0	0	0	0	0	0	0	0	0	0	0	0	0	0	0	0	0	0	0	0.00627	0	0	0	0	0	0	0	0	0	0	0	0	0	0	0	0	0	0	0	0	0	0	0	0	0	0	0	0	0.00544	0	0	0	0	0	0	0	0	0	0	0	0	0	0	0	0	0
s__Lachnoanaerobaculum_saburreum	2|1239|186801|186802|186803|1164882|467210	0	0.11758	0	0	0	0.00366	0.3345	0.01633	0.18521	0	0	0	0	0	0.01085	0	0.00242	0.0111	0	0.00122	0	0.05421	0	0.00651	0	0.16375	0.07862	0	0	0.00698	0	0.37655	0	0.01885	0.01792	0.00721	0.05268	0.41735	0	0	0.06807	0	0	0.14055	0	0.00518	0	0.0274	0.09872	0	0	0.05269	0	0	0	0.00141	0	0.04762	0.05291	0	0.07283	0	0.04973	0.00906	0.0265	0
s__Lachnoanaerobaculum_umeaense	2|1239|186801|186802|186803|1164882|617123	0	0.01105	0	0	0	0	0	0	0	0	0	0	0	0	0	0	0	0	0	0	0	0	0	0	0.00092	0	0	0	0	0.24196	0	0	0.00752	0	0	0	0	0	0	0	0	0	0	0	0	0.03053	0	0	0	0	0	0	0	0	0	0	0	0	0	0	0	0	0	0	0	0
s__Eubacterium_rectale	2|1239|186801|186802|186803||39491	0	0	0	0	0	0	0	0	0	0	0	0	0	0	0	0	0	0	0	0	0	0	0	0	0	0	0	0	0	0	0	0	0	0	0	0	0.46244	0	0	0	0	0	0	0	0	0	0	0	0	0	0	0	0	0	0	0	0	0	0	0	0	0	0	0	0	0
s__Lachnospiraceae_bacterium_oral_taxon_096	2|1239|186801|186802|186803||712982	0	0	0	0	0	0.00325	0.08854	0.13109	0	0	0.0228	0	0	0.00257	0	0	0.06906	0	0	0	0	0.06211	0.00524	0	0	0.39909	0.0259	0	0	0.01489	0	4.19057	0.00149	0	0	0	0.07418	0.08568	0	0	0	0	0	0.01232	0.00201	0.03845	0	0.06129	0.03899	0	0	0	0.09177	0	0	0	0	0.36695	0.67947	0.0602	0.02005	0	0	0.01017	0	0
s__Oribacterium_asaccharolyticum	2|1239|186801|186802|186803|265975|1501332	0	0	0	0	0	0	0.01758	0	0	0	0	0	0	0	0	0	0	0	0	0	0	0.00392	0	0	0	0.09008	0.02327	0	0	0.00034	0	0	0	0	0	0	0	0	0	0	0	0	0	0	0	0	0	0	0	0	0	0	0	0	0	0	0	0	0.26862	0	0	0	0	0	0	0
s__Oribacterium_parvum	2|1239|186801|186802|186803|265975|1501329	0	0	0	0	0	0	0.01106	0	0	0	0	0	0	0	0	0	0	0	0	0	0	0.02639	0.00649	0	5e-05	0.18282	0	0	0	0.0175	0	0	0	0	0	0	0	0	0	0	0	0	0	0	0	0.00935	0	0	0	0	0	0	0	0	0	0	0	0	0.59213	0	0	0	0	0.01823	0	0
s__Oribacterium_sinus	2|1239|186801|186802|186803|265975|237576	0	0.00133	0	0	0	0	0.10724	0.02209	0.20465	0	0.00182	0.05321	0	0	0.10577	0	0.02065	0.00085	0	0	0	0.12434	0	0.01774	0.01433	0.35211	0.12311	0.01252	0	0.02119	0	0.10465	0.02914	0.01597	0	0	0.06217	0	0	0	0	0.00395	0.00567	0	0.00129	0.03096	0	0.00646	0.00318	0	0	1.17616	0.01361	0	0	0.05305	0.0054	0.09351	1.51008	0.00572	0	0	0	0.05072	0.54695	0
s__Oribacterium_sp_oral_taxon_078	2|1239|186801|186802|186803|265975|652706	0	0.14727	0	0	0	0	0.24888	0	0.14852	0	0	0	0	0	0	0	0	0	0	0	0	0.01886	0	0	0	0	0	0	0	0	0	0	0	0	0	0	0	0	0	0	0	0	0	0	0	0	0	0	0	0	0	0.00225	0	0	0	0	0	0	0	0	0	0	0	0	0	0
s__Roseburia_faecis	2|1239|186801|186802|186803|841|301302	0	0	0	0	0	0	0	0	0	0	0	0	0	0	0	0	0	0	0	0	0	0	0	0	0	0	0	0	0	0	0	0	0	0	0	0	0	0	0	0	0	0	0	0	0	0	0	0	0	0	0	0	0	0	0	0	0	0	0.00556	0	0	0	0	0	0	0
s__Roseburia_inulinivorans	2|1239|186801|186802|186803|841|360807	0	0	0	0	0	0	0	0	0	0	0	0	0	0	0	0	0	0	0	0	0	0	0	0	0	0	0	0	0	0	0	0	0	0	0	0	0.17531	0	0	0	0	0	0	0	0	0	0	0	0	0	0	0	0	0	0	0	0	0	0	0	0	0	0	0	0	0
s__Shuttleworthia_satelles	2|1239|186801|186802|186803|177971|177972	0	0	0	0	0	0	0	0	0	0	0	0	0	0	0	0	0	0	0	0	0	0	0	0	0	0.00709	0	0	0	0	0	0	0	0	0	0	0	0	0	0	0	0	0	0	0	0	0	0	0	0	0	0	0	0	0	0	0	0	0	0	0	0	0	0	0	0
s__Stomatobaculum_longum	2|1239|186801|186802|186803|1213720|796942	0	0.09652	0.01029	0	0	0	0.23115	0.01737	0.03877	0	0.0182	0	0	0	0	0	0	0	0	0	0	0.01378	0	0	0.0001	0.0644	0	0	0	0.00321	0	0.26321	0.00208	0	0	0	0.1272	0	0	0	0	0.01802	0	0.00349	0	0.00588	0	0	0.02422	0	0	0.23932	0	0	0	0.00459	0	0.00384	0.12516	0	0	0	0	0.00181	0	0
s__Filifactor_alocis	2|1239|186801|186802|186804|44259|143361	0	0	0	0	0	0	0	0	0	0	0	0	0	0.0126	0	0	0	0	0	0	0	0	0	0	0	0	0.02093	0	0	0	0	0	0	0	0	0	0	0	0	0	0	0	0	0	0	0	0	0	0	0	0	0.05673	0	0	0	0	0	0.09892	0.03374	0	0	0	0	0	0	0
s__Eubacterium_yurii	2|1239|186801|186802|186804|1913599|39498	0	0	0	0	0	0	0	0	0	0	0	0.00413	0	0	0	0	0	0	0	0	0	0.00556	0	0	0.00148	0	0	0	0.00246	0	0	0	0	0	0	0	0	0	0	0	0	0	0	0.00697	0	0	0	0	0.01092	0	0	0	0	0	0	0	0	0	0	0	0	0	0	0	0	0
s__Peptoanaerobacter_stomatis	2|1239|186801|186802|186804|1913599|796937	0	0	0	0	0	0	0	0	0	0	0	0	0	0	0	0	0	0	0	0	0	0	0	0	0.00082	0	0	0	0	0	0	0	0	0	0	0	0	0	0	0	0	0	0	0	0	0	0	0	0	0	0	0	0	0	0	0	0	0	0	0	0	0	0	0	0	0
s__Peptostreptococcus_stomatis	2|1239|186801|186802|186804|1257|341694	0	0	0	0	0	0	0	0	0	0.00987	0	0.00608	0	0	0	0	0	0	0	0	0	0.00231	0	0	0	0.01188	0	0	0	0	0	0.0091	0	0	0	0	0	0	0	0	0	0	0	0	0	0	0	0	0	0	0	0.00373	0	0	0	0	0	0.00577	0.00975	0	0	0	0	0.0007	0	0
s__Faecalibacterium_prausnitzii	2|1239|186801|186802|541000|216851|853	0	0	0	0	0	0	0	0	0	0	0	0	0	0	0	0	0	0	0	0	0	0	0	0	0	0	0	0	0	0	0	0.00949	0	0	0	0	1.34418	0	0	0	0	0	0	0	0	0	0	0	0	0	0	0	0	0	0	0	0	0	0	0	0	0	0	0	0	0
s__Gemmiger_formicilis	2|1239|186801|186802|541000|204475|745368	0	0	0	0	0	0	0	0	0	0	0	0	0	0	0	0	0	0	0	0	0	0	0	0	0	0	0	0	0	0	0	0	0	0	0	0	0.0167	0	0	0	0	0	0	0	0	0	0	0	0	0	0	0	0	0	0	0	0	0	0	0	0	0	0	0	0	0
s__Ruminococcus_bicirculans	2|1239|186801|186802|541000|1263|1160721	0	0	0	0	0	0	0	0	0	0	0	0	0	0	0	0	0	0	0	0	0	0	0	0	0	0	0	0	0	0	0	0	0	0	0	0	0.09797	0	0	0	0	0	0	0	0	0	0	0	0	0	0	0	0	0	0	0	0	0	0	0	0	0	0	0	0	0
s__Ruminococcus_bromii	2|1239|186801|186802|541000|1263|40518	0	0	0	0	0	0	0	0	0	0	0	0	0	0	0	0	0	0	0	0	0	0	0	0	0	0	0	0	0	0	0	0	0	0	0	0	0.36238	0	0	0	0	0	0	0	0	0	0	0	0	0	0	0	0	0	0	0	0	0	0	0	0	0	0	0.0037	0	0
s__Bulleidia_extructa	2|1239|526524|526525|128827|118747|118748	0	0.00477	0	0	0	0	0	0	0	0	0	0	0	0	0	0	0	0	0	0	0	0.00424	0	0	0	0	0.01157	0	0	0	0	0	0	0	0	0	0	0	0	0	0	0	0	0.00297	0	0	0	0	0	0	0	0.05333	0	0	0	0	0	0.03831	0.0688	0	0	0	0	0	0	0
s__Eggerthia_catenaformis	2|1239|526524|526525|128827|1279384|31973	0	0	0	0	0	0	0	0	0	0	0	0	0	0	0	0	0	0	0	0	0	0	0	0	0	0	0	0	0	0	0	0	0	0	0	0	0	0	0	0	0	0	0	0	0	0	0	0	0	0	0	0.01604	0	0	0	0	0	0	0	0	0	0	0	0	0	0
s__Solobacterium_moorei	2|1239|526524|526525|128827|123375|102148	0	0	0	0	0	0	0	0.00039	0	0	0	0	0	0	0.00212	0	0	0	0	0	0	0.0172	0	0	0	0.08646	0	0	0	0.00152	0	0.02709	0	0	0	0	0	0	0	0	0	0	0	0	0.00119	0	0	0	0.01104	0	0	0.01425	0	0	0	0	0.00086	0.00388	0.08311	0	0	0	0	0.00318	0	0
s__Centipeda_periodontii	2|1239|909932|909929|1843491|82202|82203	0	0.03817	0	0	0	0	0	0	0	0	0	0	0	0	0	0	0	0	0	0	0	0	0	0	0	0	0	0	0	0	0	0	0	0	0	0	0	0	0	0	0	0	0	0	0	0	0	0	0	0	0	0	0	0	0	0	0	0	0	0	0	0	0	0	0	0
s__Selenomonas_artemidis	2|1239|909932|909929|1843491|970|671224	0	0	0	0	0	0	0	0	0	0	0	0	0	0	0	0	0	0	0	0	0	0	0	0	0	0	0.03081	0	0	0	0	0	0	0	0	0	0	0	0	0	0	0	0	0	0	0	0	0	0	0	0	0	0	0	0	0	0	0	0	0	0.00306	0	0	0	0	0
s__Selenomonas_flueggei	2|1239|909932|909929|1843491|970|135080	0	0	0	0	0	0	0	0	0	0	0	0	0	0	0	0	0	0	0	0	0	0	0	0	0	0.01292	0	0	0	0	0	0.02222	0	0	0	0	0	0	0	0	0	0	0	0	0	0	0	0	0	0	0	0	0	0	0	0	0	0	0.0047	0	0	0	0	0	0	0
s__Selenomonas_noxia	2|1239|909932|909929|1843491|970|135083	0.09511	0.14908	0	0	0	0	0	0	0.17615	0	0	0.02693	0	0	0	0	0	0	0	0	0	0.0112	0	0	0	0	0.06918	0	0	0.00527	0	0.02962	0	0	0	0	0	0.0713	0	0	0.09287	0	0	0.12881	0	0	0	0	0.23717	0	0	0	0	0	0	0	0	0	0.07844	0	0.0181	0	0	0	0	0
s__Selenomonas_sp_oral_taxon_138	2|1239|909932|909929|1843491|970|712532	0	0	0	0	0	0	0	0	0	0	0	0	0	0	0	0	0	0	0	0	0	0	0	0	0	0	0	0	0	0	0	0	0	0	0	0	0	0	0	0	0	0	0	0	0	0	0	0	0	0	0	0	0	0	0	0	0	0	0	0	0.00097	0	0	0	0	0
s__Selenomonas_sputigena	2|1239|909932|909929|1843491|970|69823	0	0.00298	0	0	0	0	0	0	0	0	0	0	0	0	0	0	0	0	0	0	0	0	0	0	0	0.00057	0.00345	0	0	0	0	0.02671	0	0	0	0	0	0	0	0	0	0	0	0	0	0	0	0	0	0	0	0	0	0	0	0	0	0.00091	0.00428	0	0.01414	0	0	0	0	0
s__Anaeroglobus_geminatus	2|1239|909932|1843489|31977|156454|156456	0	0	0	0	0	0	0	0	0	0	0	0	0	0	0	0	0	0	0	0	0	0	0	0	0	0.03325	0	0	0	0	0	0	0	0	0	0	0	0	0	0	0	0	0	0	0	0	0	0	0	0	0	0	0	0	0	0	0	0	0	0	0	0	0	0	0	0
s__Dialister_invisus	2|1239|909932|1843489|31977|39948|218538	0	0.00757	0	0	0	0	0	0	0	0	0	0	0	0	0	0	0	0	0	0	0	0	0	0.01186	0	0.01236	0	0	0	0	0	0	0	0	0	0	0	0	0	0	0	0	0	0	0	0	0	0	0	0	0	0.00227	0	0	0	0	0	0	0.00542	0	0	0	0	0	0	0
s__Dialister_pneumosintes	2|1239|909932|1843489|31977|39948|39950	0	0	0	0	0	0	0	0	0	0	0	0	0	0	0	0	0	0	0	0	0	0	0	0	0	0.00695	0.00623	0	0	0	0	0	0.00606	0	0	0	0	0	0	0	0	0	0	0	0	0	0	0	0	0	0	0	0	0	0	0	0	0.04975	0	0	0	0	0	0	0	0
s__Megasphaera_micronuciformis	2|1239|909932|1843489|31977|906|187326	0	0	0	0	0	0	0.21701	0	0	0	0.05203	0	0	0	0.00736	0.01994	0.04217	0.00144	0	0	0	0.11701	0	0.00638	0	0.46603	0.00112	0	0	0	0	0.24059	0	0	0	0	0.14066	0	0	0	0	0	0	0	0	0.00361	0	0	0.00916	0	0	0.15884	0	0	0	0	0	0	0.45091	0	0.02629	0	0	0.0079	0	0
s__Veillonella_atypica	2|1239|909932|1843489|31977|29465|39777	0	0	0	0.2187	0	0.0489	0.47035	0.03212	0	0	0.32998	0	0.00357	0.01997	0.51868	3.75906	0.47892	0.16247	0	0	0.15526	0.26741	0.0215	0.06167	0.00147	1.23659	0.2805	0	0.02402	0.01842	0	2.81091	0	0	0.00314	0	1.65589	0.41124	0	0.2481	0	0.07619	0.07825	0.01309	0.04559	0.02324	0.10929	1.7439	0.07344	0.06182	0	0.81715	0.14153	0	0	0	0	1.1838	2.19034	0.10858	0.26965	0	0.01099	0.35187	0.64724	0.08134
s__Veillonella_dispar	2|1239|909932|1843489|31977|29465|39778	0	0.01645	0.07742	0.09173	0.02438	0.12573	0.82905	0.08904	0.25276	0.1658	0.16664	0.31722	0	0.07411	0.50367	1.43268	0.72448	0.1706	0.01304	0	0.79382	0.51702	0.29141	0.22937	0.24913	1.89724	1.14006	0.05915	0.0992	0.05653	0	1.38771	0.00322	0.07236	0.09602	0.19139	0.89558	0.0842	0	0.13864	0.13339	0.24645	0.38543	0.09504	0.05488	0.08204	0.04437	1.93389	0.09849	0.02019	0.07363	2.1705	0.54767	0	0.02055	0.01145	0.00837	0.51287	1.14997	0.0887	0.12155	0	0.02283	1.24584	0.74119	0.17589
s__Veillonella_infantium	2|1239|909932|1843489|31977|29465|1911679	0	0.00728	0.02121	0.3841	0.02221	0.04504	0.35499	0.04654	0.07843	0.04035	0.06839	0.05719	0	0.04276	0.17621	0.59235	0.165	0.05472	0	0.02369	0.20113	0.21663	0.17109	0.09969	0.04741	0.45638	0.29644	0.04108	0.07545	0.03233	0	0.92642	0.01914	0.02563	0.06232	0.06069	0.3584	0.05291	0	0	0.16615	0.12335	0.13658	0.06416	0.01653	0.05216	0.01344	0.90006	0.05086	0.00914	0.00372	0.39071	0.13802	0	0.0132	0.00359	0.00989	0.19043	0.61897	0.01559	0.03565	0	0.03232	0.39455	0.22251	0.01517
s__Veillonella_parvula	2|1239|909932|1843489|31977|29465|29466	0.85054	12.77289	6.61231	4.43845	2.16722	0.92538	8.89591	1.4245	7.47707	1.64319	0.04342	1.09458	0.40288	0.13258	0.34476	3.18961	0.76556	2.99682	0.03082	4.53666	2.20873	5.20262	3.10657	0.253	0.65289	0.48503	1.96384	0.79633	0.96701	0.08242	0.23334	1.38947	0.05221	0.12006	0.90804	0.83044	2.19579	2.76173	0.61434	0.53648	16.64345	4.24548	5.50309	3.0353	0.01174	1.3341	0.2639	2.63869	1.8307	3.77445	0.22172	5.41283	0.81024	0.25499	0.86507	4.33273	0.1711	1.91846	1.89294	0.09813	4.73405	2.62692	6.43257	0.22855	0.37051	0.24332
s__Veillonella_rodentium	2|1239|909932|1843489|31977|29465|248315	0	0	0	0	0	0	0	0	0	0	0	0	0	0	0	0	0	0.00477	0	0	0	0	0.05078	0	0.00313	0	0	0	0	0	0	0	0	0	0	0	0	0	0	0	0	0	0	0	0	0	0	0	0	0.00331	0	0	0	0	0	0	0	0	0	0	0	0	0	0	0	0
s__Veillonella_rogosae	2|1239|909932|1843489|31977|29465|423477	0	0	0	0	0	0	0.03353	0	0.0077	0	0.01683	0.0224	0.01114	0	0	0.14581	0	0	0	0.02055	0	0.03595	0.09536	0.00217	0.00662	0.01845	0	0	0.02557	0.00803	0	0	0.00123	0	0	0	0.06992	0	0.0192	0	0	0.0152	0.02448	0.0038	0	0.18167	0	0	0	0	0.01285	0.08419	0.01166	0	0	0	0	0.07747	0.08163	0	0	0	0.00529	0	0	0.03876
s__Veillonella_sp_T11011_6	2|1239|909932|1843489|31977|29465|2027459	0	0.00255	0	0	0.01415	0.00477	0.06122	0	0	0	0.03506	0	0	0.00503	0.03575	0.12993	0.0389	0.01407	0	0	0.00673	0.03806	0.00723	0.01997	0.00166	0.09473	0.13422	0	0.01925	0.00064	0	0.46736	0	0	0.0026	0.00736	0.07553	0	0	0	0.01001	0.00886	0.02321	0.00681	0	0	0	0.16006	0.01141	0	0	0.79911	0	0	0.0035	0	0	0.01275	0.17437	0.00177	0.02317	0	0.00284	0.23289	0.13969	0
s__Veillonella_tobetsuensis	2|1239|909932|1843489|31977|29465|1110546	0	0	0	0	0	0	0	0	0	0	0	0.08266	0	0	0.04374	0	0	0	0	0	0	0.03181	0.14668	0.00578	0.00102	0.08816	0	0	0	0.04108	0	0	0	0	0	0	0	0	0	0	0	0	0	0	0	0.0992	0	0	0.0143	0	0	0	0	0	0	0	0	0	0.28726	0	0	0	0	0.06413	0	0
s__Parvimonas_micra	2|1239|1737404|1737405|1570339|543311|33033	0	0	0	0	0	0	0.0187	0.01126	0.03767	0.09663	0	0	0	0.00117	0	0.12939	0.00207	0	0	0	0	0.0013	0.01208	0	0.01615	0	0.00564	0	0	0.00817	0	0.0078	0.01795	0	0	0	0	0	0	0	0	0	0	0.06481	0	0.00526	0	0	0	0	0	0.14633	0	0.04332	0	0.00266	0	0.09707	0.07803	0	0	0	0	0.00173	0.06497	0
s__Parvimonas_sp_oral_taxon_110	2|1239|1737404|1737405|1570339|543311|671230	0	0	0	0	0	0	0	0	0	0	0	0	0	0	0	0	0	0	0	0	0	0	0	0	0	0	0	0	0	0	0	0	0	0	0	0	0	0	0	0	0	0	0	0	0	0	0	0	0	0	0	0	0	0	0	0	0	0	0.04626	0	0	0	0	0	0	0
s__Fusobacterium_hwasookii	2|32066|203490|203491|203492|848|1583098	0	0	0.0048	0	0	0	0	0	0	0	0	0.20646	0	0.01153	0	0	0	0	0	0.0319	0	0.14986	0.00961	0	0.03825	0	0	0	0	0.10186	0	0	0	0	0	0	0	0	0	0	0	0	0	0	0	0.05503	0	0	0.01963	0	0	0	0	0	0	0.00426	0	0	0.02775	0	0	0	0.41296	0	0	0
s__Fusobacterium_nucleatum	2|32066|203490|203491|203492|848|851	0.18623	0.23176	0.02619	0	0.0772	0.03427	0.66238	0.33384	0.5263	0.851	0	0.56564	0	0.06472	0.07996	0.44649	0.04968	0.03481	0	0.48925	0	0.30175	0.18247	0.07523	0.0658	0.18232	0.12637	0.16765	0.15321	0.25328	0.25617	0.13115	0.04244	0.0584	0.19244	0.34715	0.02286	1.05182	0	0	0.33423	0.04239	0	0.64304	0.04573	0.25699	0	0.00613	0.54289	0.07067	0	0.44659	0.33726	0.08362	0.00279	0.32844	0.19176	0.2935	0.81992	0.00913	0.49239	0.13273	0.32799	0.08215	0.30222	0
s__Fusobacterium_periodonticum	2|32066|203490|203491|203492|848|860	0	0.40223	1.63163	0.43777	0.06021	0.09162	0.67999	0.4308	1.06142	1.68761	0.05444	2.4213	0.11039	0.49186	0.52335	0	0.29281	0.83164	0	0.15762	0.10848	0.96487	1.1701	0.19675	1.30683	1.98316	0.1168	0.47576	1.23766	1.47105	0	0.3633	0.57608	0.41072	0.15924	0.18214	0.09139	0.4885	0.09312	0	0.0637	0.25456	0.31779	2.58804	0.20081	2.10373	0	0	3.12925	0.07671	1.10331	2.06371	1.943	0	0.00673	4.00347	0.39328	0.62857	10.25199	0.11049	0	1.62763	0.4053	1.15351	0.53402	0.0629
s__Fusobacterium_sp_oral_taxon_370	2|32066|203490|203491|203492|848|712288	0	0	0.00636	0	0	0	0	0	0	0	0	0	0	0.01044	0	0	0	0	0	0	0	0	0	0.00352	0.0035	0.01082	0	0	0	0.00277	0	0	0	0	0	0	0	0.04839	0	0	0	0	0	0.07139	0	0	0	0	0	0	0	0.02547	0	0	0	0	0	0.04533	0	0.00762	0	0	0	0	0	0
s__Leptotrichia_buccalis	2|32066|203490|203491|1129771|32067|40542	0	0.02406	0	0	0	0.00572	0	0	0	0.08371	0	0.03304	0.00632	0.00134	0.08969	0	0	0	0	0	0	0.018	0.01264	0.0003	0.01874	0	0.01923	0	0	0.03906	0	0.04944	0	0.00426	0	0	0	0.34725	0	0	0.07403	0	0	0	0	0.0022	0	0	0.04079	0	0	0	0	0	0	0	0	0.0208	0.05559	0	0	0	0.04697	0	0	0
s__Leptotrichia_goodfellowii	2|32066|203490|203491|1129771|32067|157692	0	0	0	0	0	0	0	0	0	0	0	0	0	0	0	0	0	0	0	0	0	0	0	0	0	0	0	0	0	0.01667	0.0352	0	0	0	0	0	0	0	0	0	0	0	0	0.06105	0	0	0	0	0.01266	0	0	0	0	0	0	0.00188	0	0	0	0	0	0	0	0	0	0
s__Leptotrichia_hofstadii	2|32066|203490|203491|1129771|32067|157688	0	0.11772	0	0	0.00155	0.05059	0.0639	0.00113	0.06684	0.13487	0	0.17239	0.02581	0.01071	0.01468	0.04957	0	0.02895	0	0.00713	0	0.0168	0.09944	0.01107	0.02956	0.02673	0.08317	0	0.03847	0.0454	0.08316	0.1516	0.01089	0.07787	0	0	0.02029	9.21357	0	0	0.09027	0	0	0.40357	0	0.02188	0	0.00388	0.11522	0.02276	0	0.04964	0	0.02901	0	0.00021	0	0.07724	0.05797	0	0.00287	0	0.13367	0.0028	0.04075	0.10047
s__Leptotrichia_sp_oral_taxon_212	2|32066|203490|203491|1129771|32067|712357	0	0.12503	0	0	0.01277	0.01436	0.07005	0.02561	0	0.14061	0	0.19884	0.01008	0.01775	0	0	0.00241	0.09698	0	0.43375	0	0.2406	0.05067	0.00019	0.07289	0.03148	0	0	0.05029	0.15586	0.01072	0	0.00728	0.04038	0	0	0	0.66427	0	0	0.0976	0.00783	0.0162	0.11145	0	0.03232	0	0	0.05308	0.01536	0	0	0	0	0	0.0159	0.07629	0	0.1829	0	0.01102	0.07474	0.19692	0.01775	0	0.03054
s__Leptotrichia_sp_oral_taxon_215	2|32066|203490|203491|1129771|32067|712359	0	0.15781	0.01917	0	0.00894	0.0038	0.1986	0.00882	0.11028	0.19552	0	0.11668	0.06707	0.02335	0.01223	0	0	0.02562	0	0.01953	0	0.16475	0.08244	0.00572	0.07148	0.24111	0	0	0.04009	0.12878	0	0.0033	0.04992	0.00935	0	0	0	0.05166	0	0	0.08088	0.02313	0.03789	0.1794	0	0.09495	0	0	0.10619	0.00203	0.03063	0.04128	0	0	0	0.05799	0.02254	0	0.44307	0	0.02391	0	0.08082	0.07034	0.10522	0.03335
s__Leptotrichia_sp_oral_taxon_225	2|32066|203490|203491|1129771|32067|671213	0	0.05166	0	0	0	0.00612	0.00164	0.00503	0	0.02656	0	0.07365	0	0	0	0	0	0.00135	0	0	0	0.00349	0.02121	0.00019	0.02024	0	0	0	0	0.01096	0.01884	0.02521	0	0.05833	0	0	0	1.67952	0	0	0.01431	0	0	0.06547	0	0.00338	0	0	0.03406	0.00546	0	0	0	0	0	0	0.00181	0.01183	0.02655	0	0	0	0.03007	0	0	0.00422
s__Leptotrichia_sp_oral_taxon_498	2|32066|203490|203491|1129771|32067|712368	0	0	0	0	0	0	0	0	0	0	0	0	0	0	0	0	0	0	0	0	0	0	0	0	0	0	0	0	0	0	0	0.19953	0	0	0	0	0.04241	0	0	0	0	0	0	0	0	0	0	0	0.0044	0	0	0	0	0	0	0	0	0.03749	0.02375	0	0	0	0	0	0	0
s__Leptotrichia_sp_oral_taxon_879	2|32066|203490|203491|1129771|32067|1227267	0	0.01025	0	0	0	0.0114	0.00941	0	0.02411	0	0	0	0.00263	0	0	0	0	0.00297	0	0	0	0.00323	0.04024	0.00321	0.00545	0	0	0	0	0.0079	0.00406	0.0545	0	0.00367	0	0	0.00679	1.79109	0	0	0.02537	0	0	0.03511	0	0	0	0	0.01953	0.00962	0	0	0	0	0	0	0	0.01127	0.00553	0	0	0	0.01065	0	0	0
s__Leptotrichia_wadei	2|32066|203490|203491|1129771|32067|157687	0	0.49978	0	0.07931	0	0.03542	0.19697	0.03361	0.03117	0.00819	0	0.01926	0.01651	0.02031	0.20585	0.57592	0.01001	0.00528	0	0.00232	0	0.12222	0.02378	0.00472	0.00324	0.21337	0.06	0.02912	0.01135	0.04418	0.04678	1.28131	0	0.0259	0	0	0.245	1.36836	0	0	0.0021	0	0	0.23147	0.03215	0.01981	0.00567	0.14727	0.20273	0.01536	0	0.01747	0	0	0	0	0	0.09267	0.53614	0.02839	0.16054	0.06939	0.01024	0.00152	0.33515	0.00223
s__Paracoccus_solventivorans	2|1224|28211|204455|31989|265|53463	0	0	0	0	0	0	0	0	0	0	0	0	0	0	0	0	0	0	0	0	0	0.00066	0	0	0	0	0	0	0	0	0	0	0	0	0	0	0	0	0	0	0	0	0	0	0	0	0	0	0	0	0	0	0	0	0	0	0	0	0	0	0	0	0	0	0	0
s__Lautropia_mirabilis	2|1224|28216|80840|119060|47670|47671	0	0.00413	0.15679	0.00683	0.03124	0.27569	0.01722	0.02528	0.119	0	0	0.50653	0.0308	0.04486	0	0	0.07224	0.01075	0	0.28729	0	0.02072	0.4058	0.00135	0.15735	0.64011	0.28695	0.17792	0.51751	0.06956	0.0141	0.40916	0.11134	0.06035	0	0	0.02946	0.39145	0.00899	0.49099	0.6093	0.78211	0.24833	0.37355	0	0.02913	0.14518	0.28727	0.12208	0.02855	0.24476	0	0.74889	0.29785	0	8.72991	0.06747	0.1408	0.38693	0.01031	0	1.18813	0.14733	0.03927	1.35122	0.03838
s__Acidovorax_ebreus	2|1224|28216|80840|80864|12916|721785	0	0	0	0	0	0	0	0	0	0	0	0	0	0	0	0	0	0	0	0	0	0.00131	0	0	0	0	0	0	0	0	0	0	0	0	0	0	0	0	0	0	0	0	0	0	0	0	0	0	0	0	0	0	0	0	0	0	0	0	0	0	0	0	0	0	0	0
s__Ottowia_sp_oral_taxon_894	2|1224|28216|80840|80864|219181|1658672	0.20098	0	0	0	0	0	0	0.02798	0	0	0	0	0	0	0	0	0	0	0	0.03273	0	0	0	0	0	0	0	0	0	0	0	0	0	0	0	0	0	0	0	0	0	0	0	0	0	0	0	0	0	0	0	0	0	0	0	0	0	0	0	0	0	0	0	0	0	0
s__Eikenella_corrodens	2|1224|28216|206351|481|538|539	0	0.05906	0.00869	0	0.08525	0.01802	0	0.37114	0	0	0	0	0	0	0	0	0	0	0	0.15613	0	0.04316	0	0	0.0028	0	0.02591	0	0.02287	0.0128	0	0	0	0	0	0	0.01299	0	0	0	0.00717	0	0	0.01828	0	0.0138	0	0	0.03793	0	0.0208	0	0	0	0	0	0.17531	0	0.09924	0	0	0	0.01539	0	0	0
s__Eikenella_sp_NML130454	2|1224|28216|206351|481|538|1795832	0	0	0	0	0	0	0	0.11757	0	0	0	0	0	0	0	0	0	0	0	0	0	0	0	0	0	0	0	0	0	0.00407	0	0	0	0	0	0	0	0	0	0	0	0	0	0	0	0	0	0	0	0	0	0	0	0	0	0	0	0	0	0	0	0	0	0	0	0
s__Kingella_denitrificans	2|1224|28216|206351|481|32257|502	0	0	0	0	0	0.04022	0	0.00184	0	0	0	0	0	0	0	0	0	0	0	0	0	0	0	0	0	0	0	0	0	0.00703	0	0.013	0	0	0	0	0	0	0	0	0	0	0	0	0	0	0	0	0.01385	0	0	0	0	0	0	0	0	0	0	0	0	0	0	0.05891	0	0
s__Kingella_kingae	2|1224|28216|206351|481|32257|504	0	0.00962	0	0	0	0	0	0	0	0	0	0	0	0	0	0	0	0	0	0	0	0	0	0	0	0	0	0	0	0	0	0	0	0	0	0	0	0	0	0	0	0	0	0	0	0	0	0	0	0	0	0	0	0	0	0	0	0	0	0	0	0	0	0	0	0
s__Kingella_oralis	2|1224|28216|206351|481|32257|505	0	1.12009	0	0	0.09552	0.14028	0.05073	0.01902	0.02312	0	0	0	0	0	0	0	0.00728	0.09345	0	0	0	0.0794	0	0	0	0	0.1442	0	0.05372	0.00245	0.00577	0.06854	0	0	0.07713	0.05344	0	0.25355	0	0	0.32391	0.04961	0.03234	0.07726	0	0	0	0	0.04608	0.03979	0	0	0	0	0	0	0	0.01239	0	0	0	0	0.02589	0.00609	0	0.56843
s__Morococcus_cerebrosus	2|1224|28216|206351|481|212742|1056807	0	0	0	0	0	0	0	0	0	0	0	0	0	0.02977	0	0	0.22039	0.35252	0.92009	0	0	0	0	0	0	0.08957	0	0	0	0	0	0	0	0	0	0	1.0808	0	0	0.31803	0	0	0	0	0	0	0	0	0	0	0	0	0	0	0.02484	0	0	0	0	0.14421	0	0	0	0	0	0
s__Neisseria_cinerea	2|1224|28216|206351|481|482|483	0	0	0	0	0	0.04584	0	0.17827	0	0	0.55981	0	0	0	0.02187	0	0	0	0	0.40172	0	0	0	0	0	0.05101	0	0	0	0.23611	1.11	0	0.0133	0	0	0	0	0	0	0	0	0	0	0.07216	0.00265	0.00898	0	0	0	0	0	0	0	0.03936	0	0	0.42793	0	0	2.6902	0	0	0	0	5.27814	0
s__Neisseria_elongata	2|1224|28216|206351|481|482|495	0	0	0.0305	0	0.73076	0.01099	0	0	0	0	0.00572	0.04837	0.04544	0	0	0	0.10064	0.10382	0	0	0	0.12288	0.0799	0.00289	0.08649	0.05998	0.55818	0	0.10685	0.05489	0	0.06119	0.00249	0	0	0	0	0.83644	0	0	0.03032	0.04306	0.03218	0.04181	0	0.00633	0.01742	0	0.08124	0	0	0	0.04285	0.02541	0	0.10583	0.44068	0	0	0	0	0	0.00892	0.0344	0	0
s__Neisseria_flavescens	2|1224|28216|206351|481|482|484	5.96092	0.15219	0.66682	1.9035	0	0.42999	0.3098	0.008	0.04816	0	0.03295	5.22428	0.09384	1.03435	0.16839	0	0.15014	0.55316	1.22735	0	0.49637	1.35144	0.6209	0.04505	0.56985	1.56277	4.50663	0.08861	0.82445	2.71258	0.00274	1.10359	1.93965	0.73064	0	0	0.95617	2.00099	0.16572	0	0.10592	0.99908	0.81819	2.3699	0.29443	1.47006	0.01928	1.921	1.39532	0.15161	0.92911	0	9.96185	0.71024	0.04692	0.1397	1.76736	0.24847	1.0198	0.11709	0	0.7345	0	1.32951	1.37656	0
s__Neisseria_gonorrhoeae	2|1224|28216|206351|481|482|485	0	0	0	0	0	0	0	0	0	0	0.03616	0	0	0	0	0	0	0	0	0	0	0	0	0	0	0	0	0	0	0	0	0	0	0	0	0	0	0	0	0	0	0	0	0	0	0	0	0	0	0	0	0	0	0	0	0	0	0	0	0	0	0	0	0	0.11988	0
s__Neisseria_lactamica	2|1224|28216|206351|481|482|486	0	0	0	0	0	0	0	0	0	0	0	0	0	0	0	0	0	0	0	0	0	0	0	0	0	0	0	0	0	0	0	0	0	0	0	0	0	0	0	0	0	0	0	0	0	0	0	0	0	0	0	0	0	0	0	0	0	0	0	0	0	0	0	0.0011	0	0
s__Neisseria_macacae	2|1224|28216|206351|481|482|496	0	1.32878	0	0	0	1.13614	0.68633	0.01698	0	0.0224	0	0.02804	0.01268	0	0	0	0.0408	0.10535	0	0.11314	0	0.21059	0.04922	0	0.00104	0	0	0	0	0.0604	0	0.03469	0	0.44089	0	0	0	0	0	0	0	2.03291	1.97239	0	0	0.11413	0	0	0.33787	0.00727	0.2499	0	0	0	0	0.06384	0	0	0.09491	0	0.00999	0.49961	0	0	0	0
s__Neisseria_meningitidis	2|1224|28216|206351|481|482|487	0	0	0	0	0	0	0	0	0	0	0	0	0	0	0	0	0	0	0	0	0	0	0	0	0	0	0	0	0	0.00356	0.00271	0	0	0	0	0	0	0	0	0	0	0	0	0	0	0	0	0	0	0	0	0	0	0	0	0	0.00285	0	0	0	0	0	0	0	0	0
s__Neisseria_mucosa	2|1224|28216|206351|481|482|488	0	0.0601	0.26404	0	0	0.11861	0.08641	0	0	0	0.00635	0	0	0	0	0	0.02449	0	0.03144	0	0	1.00148	0.05088	0	0.00296	0	0.62087	0	0.10121	0.01135	0.03488	0.01907	0.00386	0	0	0	0	0.2869	0.15499	0	0.14388	0	0	0	0	0.64618	0	0	0.63101	0.03019	0	0	0	0.10297	0.00312	0.01747	7.98833	0	0	0.14939	0	0	0	0	0	0
s__Neisseria_perflava	2|1224|28216|206351|481|482|33053	0	0	0	3.62375	0	0	0	0	0	0	0	0.08594	0.07723	0	0	0	0	0	0	0	0	0	0.37417	0	0	0	0	0	0	1.46362	0	0	0.00762	1.17841	0	0	0	0	0	0	0	0.81932	1.09786	0	0.0066	0	0	0	0	0	0	0	0	0	0	0	0	0	0	0	0	0	0	0	0	0
s__Neisseria_sicca	2|1224|28216|206351|481|482|490	0.14767	2.79461	0.47517	0.29798	1.23758	1.87099	1.28829	9.03206	0	0.06697	0	0.97357	0.90342	0.30049	0	0	0.62435	0.33553	0.2062	0.85624	0.01838	3.2814	0.35607	0.00821	0.0729	0.64042	0.89799	0.0471	0.18339	1.7248	0.147	1.27489	2.57812	0.63334	0	0	0.17103	2.80044	0.45565	0.28194	0.14272	3.62691	2.46196	2.07021	0.02676	0.63437	2.22658	0	1.35505	0.57514	0.7739	0	1.10115	0.48284	0	16.14937	3.18585	1.11013	0.11344	0.2014	0.01576	4.26585	0	0.19551	8.70547	0.25007
s__Neisseria_sp_HMSC064E01	2|1224|28216|206351|481|482|1715052	0	0	0	0	0	0.02106	0	0	0	0	0	0	0	0	0	0	0.01063	0.0071	0	0.00786	0	0.02789	0.00616	0	0.00056	0.03803	0	0	0	0.12393	0.00579	0	0	0.05184	0	0	0	0	0.01432	0	0	0.01093	0	0.01603	0	0	0	0	0.02796	0	0	0	0.05334	0.04165	0	0.05242	0	0.03	0	0	0	1.44305	0	0	0	0
s__Neisseria_sp_oral_taxon_014	2|1224|28216|206351|481|482|641148	0	0	0	0	0	0.09539	0.00255	0.1417	0.09832	0	0.06707	0	0	0.00333	0	0	0	0	0	2.85751	0	0	0.44353	0	0.2336	0.01696	0	0	0.53432	0.03306	0	0	0	0	0	0	0.03447	2.20593	0	0	0.07099	0.01489	0	0.76576	0	0.00868	0	0	0	0.08069	0	0	1.13513	0.04605	0	0.1102	0	0.1954	0	0	0.00738	0	0.08938	0.0071	0	0
s__Neisseria_subflava	2|1224|28216|206351|481|482|28449	0.39597	0.04304	0.4077	0	0	0.00571	0.05193	0	0.15218	0	0	0	0	0.07312	0.01058	0	0.03513	0.11825	0.31195	0.03301	0.13219	0.03268	0.01344	0.01687	0.05557	0.18014	0	0	0.20996	0.02481	0	0.0139	0.44888	0.27121	0.02191	0.00492	0.02902	0.23897	0	0	0.02726	0.06593	0.2007	0.34253	0	0.10935	0.01417	0.4422	0.16178	0.03189	0	0	1.35863	0.10033	0	0.0164	0.33477	0	0.03345	0.04079	0	0	0.00369	0.65176	0.20411	0
s__Simonsiella_muelleri	2|1224|28216|206351|481|71|72	0	0	0	0	0	0	0	0	0	0	0	0	0	0.00571	0	0	0	0	0	0	0	0	0	0	0.00805	0	0	0	0	0.00153	0	0	0	0	0	0	0	0	0.00237	0	0	0	0	0	0	0	0	0	0	0	0	0	0	0	0	0	0	0	0	0	0	0	0	0	0	0
s__Campylobacter_concisus	2|1224|29547|213849|72294|194|199	0.00827	0.00359	0	2.87079	0	0.06628	0.63541	0.09148	0.14358	0.15752	0.07483	0.1236	0.01107	0.01297	0.41934	0.08747	0.203	0.03752	0	0	0.14639	0.20188	0.05045	0.04859	0.0103	0.92477	0.54704	0.00218	0.0654	0.09928	0	0.94183	0.02478	0.05533	0.00636	0.029	0.38266	0.5988	0	0.51546	0.11186	0.01991	0.04368	0.21349	0.04907	0.15356	0.00488	0.53468	0.11667	0.04967	0.01193	0.88535	0.37537	0	0	0.01438	0.03997	0.24747	3.49015	0.07704	1.27301	0	0.01089	0.24031	1.97231	0.00375
s__Campylobacter_gracilis	2|1224|29547|213849|72294|194|824	0.41578	0.02929	0	0	0	0	0.49089	0	0.16351	0	0	0	0	0	0	0	0	0	0	0	0	0	0	0	0	0	0.04255	0	0	0	0	0.01002	0	0	0.00662	0	0.00322	0.07319	0	0	0.13952	0	0	0.14468	0	0	0	0	0.05396	0	0	0.04975	0	0	0	0	0	0	0	0	0	0	0	0	0	0
s__Campylobacter_mucosalis	2|1224|29547|213849|72294|194|202	0	0	0	0	0	0	0	0	0	0	0	0	0	0	0	0	0	0	0	0	0	0	0	0	0	0	0	0	0	0	0	0	0	0	0	0	0	0	0	0	0	0	0	0	0	0	0	0	0	0	0	0	0	0	0	0	0	0	0	0	0.00889	0	0	0	0	0
s__Campylobacter_rectus	2|1224|29547|213849|72294|194|203	0	0	0	0	0	0	0	0	0.01045	0	0	0	0	0	0	0	0	0	0	0	0	0.0028	0	0	0	0	0.01549	0	0	0	0	0	0.0054	0	0	0	0	0	0	0	0	0	0	0.05084	0	0	0	0	0	0	0	0	0	0	0	0	0	0.07437	0.04272	0	0	0	0	0	0	0
s__Campylobacter_showae	2|1224|29547|213849|72294|194|204	0	0.47884	0	0	0	0	0.04753	0.00151	0	0	0	0	0.05847	0.0106	0	0	0	0	0	0.00081	0	0.04987	0.00183	0.00018	0.00342	0.01506	0.05048	0	0.00182	0.05075	0	0	0.00378	0.00308	0	0	0	0.29926	0	0	0.1513	0	0	0.04832	0	0.03292	0	0	0.02886	0.00286	0	0	0.02942	0	0	0.0013	0.01476	0.00208	0.28605	0	0.11679	0	0	0.00264	0	0
s__Helicobacter_pylori	2|1224|29547|213849|72293|209|210	0	0	0	0	0	0	0	0	0	0	0	0	0	0	0	0	0	0	0	0	0	0	0	0	0	0	0	0.57484	0.36541	0	0	0	0	0	0	0	0	0	0	0	0	0	0	0	0	0	0	0	0	0	0	0	0	0	0	0	0	0	0	0	0	0	0	0	0	0
s__Cardiobacterium_hominis	2|1224|1236|135615|868|2717|2718	0	0.171	0.00113	0	0.00747	0	0.04387	0.05026	0	0	0	0	0	0	0	0	0	0.01335	0	0.21899	0	0.02332	0.00772	0	0.00397	0.00568	0.03148	0	0.07005	0.01646	0	0.01706	0	0.00155	0	0	0	0.06507	0	0	0.12405	0.01621	0	0.00118	0	0	0	0	0.10469	0	0	0	0.01947	0	0	0	0.01814	0	0	0	0	0	0	0.0148	0	0
s__Cardiobacterium_valvarum	2|1224|1236|135615|868|2717|194702	0	0.0617	0	0	0	0	0.02478	0.02815	0	0	0	0.00589	0	0	0	0	0	0.00015	0	0.02358	0	0.02383	0.00898	0	0.00056	0	0.00548	0	0.01601	0.00505	0	0	0	0	0	0	0	0.05271	0	0	0.07556	0	0	0.01531	0	0	0	0	0.03906	0	0	0	0	0	0	0.00197	0	0	0	0	0	0	0	0	0	0
s__Escherichia_coli	2|1224|1236|91347|543|561|562	0	0	0	0	0	0	0	0	0	0	0	0	0	0	0.01009	0	0	0	0	0	0	0.01656	0	0	0	0	0	0	0	0	0	0	0	0	0	0	0	0	0	0	0	0	0	0	0	0	0	0	0	0	0	0	0	0	0	0	0	0	0	0	0	0	0	0	0	0
s__Aggregatibacter_aphrophilus	2|1224|1236|135625|712|416916|732	0	0.22933	0.02133	0	0.00592	0	0	0	0	0	0	0.0933	0	0	0	0	0	0	0	0.29988	0	0	0.01409	0	0.0027	0.03203	0.02303	0	0.03563	0.19163	0	0	0.18409	0	0	0	0	0.09365	0	0	0.17646	0.00417	0	0	0	0.16556	0	0	0	0	0.07166	0	0.04474	0.09608	0	0.48907	0.00512	0	0	0.00578	0	0	0.05783	0.00529	0.77673	0
s__Aggregatibacter_segnis	2|1224|1236|135625|712|416916|739	0	0.02453	0.01281	1.33206	0.00349	0.01221	0.07052	0.31576	0	0.09671	0	0.54749	0.05051	0.04876	0	0.12824	0.04567	0.01505	0	0.03984	0	0.22921	0.22858	0.01057	0.05787	0.01013	0.63722	0.0098	0.06531	0.0787	0	0	0.05003	0.06733	0	0	0.24195	0.2567	0	0	0	0	0	0.04395	0	0.02936	0.01193	0	0.06808	0.03158	0	0	0	0.07638	0	0	0.03168	0.0345	0.05508	0.08946	0	0	0.24579	0.02419	0	0
s__Aggregatibacter_sp_oral_taxon_458	2|1224|1236|135625|712|416916|712148	0	0.22606	0	1.03924	0.20625	0.09503	0.22182	1.12897	0.05547	0.06099	0.01786	1.40512	0.3533	0.12174	0	0.52682	0.03406	0.0783	0	0.08613	0	0.24761	0.26245	0.05902	0.03051	0.09772	1.02199	0.03978	0.09498	0	0	0.05285	0.02465	0.40311	0	0	0.43498	2.87989	0.00916	0	0.02029	0	0	0.2856	0.00407	0.20415	0.06752	0	0.29394	0.02662	0.03134	0.01379	0	0.34087	0	0.00646	0	0.01896	0.14036	0.05383	0	0.41991	1.06568	0.01572	0.03286	0.01149
s__Haemophilus_aegyptius	2|1224|1236|135625|712|724|197575	0	0	0	0	0	0.00666	0	0	0	0	0	0	0	0	0	0	0	0	0	0	0	0	0	0.00263	0	0.01894	0	0	0	0	0	0	0	0	0	0	0	0	0	0	0	0	0	0	0.00418	0	0	0	0	0.00705	0	0	0	0	0	0	0	0	0	0.0064	0	0	0	0	0	0
s__Haemophilus_haemolyticus	2|1224|1236|135625|712|724|726	3.84459	4.35105	0.02292	0	2.01295	2.9622	1.10611	11.98091	1.29493	0.28604	2.29491	0.77291	8.50356	11.2323	3.57628	0	3.3452	0.82413	2.75088	5.23464	10.86358	0.76768	0.87465	1.58554	15.04746	1.67636	7.32876	0.84232	4.05008	11.70729	7.06115	1.23713	1.34056	0.25625	0	0	1.1225	1.71479	1.18857	6.67359	2.20383	0.08372	0.15724	7.08488	18.52736	10.6439	0.54246	0.28725	1.93047	0.46727	0.05106	0.26167	5.12989	6.4454	4.04733	0.05633	1.86467	0.30324	0.18562	6.74193	8.2843	0	4.73391	0.53739	9.94075	5.47095
s__Haemophilus_influenzae	2|1224|1236|135625|712|724|727	0	0	0	0	0	0.00445	0	0.42901	0	0	0	0	0	0.03068	0.05047	0	0.09697	0	0	0.04698	0	0.01679	0.00808	0.01325	0.00481	0	0	0	0	0.00569	0	0	0	0	0	0	0	0	0	0	0.05088	0	0	0	0	0.01458	0	0	0	0.05031	0	0	0	0	0	0.01035	0.04866	0	0	0.01661	0	0	0.00835	0	0	0
s__Haemophilus_parahaemolyticus	2|1224|1236|135625|712|724|735	0	0	0	0	0	0.10263	0.1237	0.92891	0	0	0.00534	0	0	0	1.85918	0	0.18797	0.00162	0.15023	0	0.03058	0.01206	0	0.95479	0.10776	2.17629	0.00866	0.00835	1.38294	0.0019	0	0.16167	0.04512	0.03498	0	0	0.00919	4.05985	0.05501	0	0	0	0.0298	0.8731	0.07723	0.53922	3.5819	0.05614	0.14683	0.03837	0	0	0	0	0.36446	0.01182	0	0	0.22925	0.03603	0	0	0.4413	2.10812	0	0.64626
s__Haemophilus_parainfluenzae	2|1224|1236|135625|712|724|729	1.213	5.14814	49.14246	7.45287	4.13466	6.93954	1.87186	4.69055	2.0046	14.83512	0.38533	5.46669	1.6082	3.28132	2.29523	1.51595	16.16189	41.68868	9.58844	16.67771	0.70248	18.18117	14.54916	2.55703	3.18655	4.03618	1.48815	0.9919	4.94049	1.26456	0.29109	5.28661	15.78451	1.03528	16.77653	16.44725	4.01472	1.36008	2.71129	1.06288	13.6368	5.49183	7.56404	16.1055	0.80864	6.7578	15.64161	1.68335	14.15369	4.68449	5.46289	3.00303	16.32775	0.87315	0.44548	24.83618	12.73489	12.44167	2.09327	3.26165	9.86531	4.89678	10.05939	3.75902	1.70534	1.85912
s__Haemophilus_paraphrohaemolyticus	2|1224|1236|135625|712|724|736	0	0	0	0	0	4.74967	0.13896	0.35854	0	0	0	0.13934	0	0	0.70044	0	0.03738	0	0.01216	0	0.73757	0.00278	0	0.09222	4.1975	0.47415	0	0	0.06684	2.46737	0.08385	0	0.29741	0.2454	0	0	0.11341	0.20655	0.33625	0.61235	0.81204	0.3174	0.46265	0.34111	0.01056	0.04895	0.54665	0	0.21019	0.37122	0	0	0.82362	0	0.09736	0	0.31387	0	0.09583	10.0263	0.02508	0	0.01657	0.64784	1.84628	0.02884
s__Haemophilus_pittmaniae	2|1224|1236|135625|712|724|249188	0	0.00326	0	0	0	0	0	0	0	0	0	0	0	0.01216	0.14325	0	0	0	0	0	0	0	0	0.0024	0	0	0	0	0	0	0	0	0	0	0	0	0	0	0	0	0	0	0	0.04825	0	0	0	0	0	0.00639	0	0	0.10972	0	0	0	0	1.09247	0.05802	0	0	0	0.02708	0.09324	0	0
s__Haemophilus_quentini	2|1224|1236|135625|712|724|123834	0	0.06533	0.02528	0	0.05188	0.0335	0.0519	1.69112	0.23013	0	0	0.55041	0.45229	0.11917	0.07842	0	0.01925	0.21807	0.75513	3.36396	0.19115	0.85136	0.78902	0.27261	0.47541	0.7048	0.01215	0.26966	0.03062	0.21046	0.0427	0.06436	1.02203	0	0	0	0.22758	0.18723	0.03473	0	0.12029	0.04921	0.0632	0.42112	0.03979	0.78465	0	0.36954	0.17831	0.15429	0	0	0.56954	0	0.06847	0.00802	0.4245	0.07017	0.08428	0.13298	0.00789	0	0.28944	0.00609	0.05373	2.08979
s__Haemophilus_sp_C1	2|1224|1236|135625|712|724|1661745	0	0	0	0	0	0	0	0	0	0	0	0	0	0	0	0	0	0	0	0	0	0	0	0	0	0	0	0	0	0	0	0	0	0	0	0	0	0	0	0	0	0	0	0	0	0	0	0	0.14758	0	0	0	0	0	0	0	0	0	0	0	0	0	0	0	0	0
s__Haemophilus_sp_HMSC71H05	2|1224|1236|135625|712|724|1608898	0	0	0.22332	0	0	0	0	0	0	0	0	0	0	0	0	1.04761	0	0	0	0	0	0	0	0	0	0	0	0	0	0	0	0	0	0	0	0	0	0.40898	0	0	0	0	0	0	0	0	0	0	0	0	0	0	0	0	0	0	0	0	0	0	0.02418	0	0	0	0	0
s__Haemophilus_sputorum	2|1224|1236|135625|712|724|1078480	0	0.09375	0	1.71435	0	0.34333	0.07759	0.03664	0.19528	0	0	0.02713	0	1.04148	0.99643	0.0872	0.25788	0.03151	0.01943	0.01569	0.04205	0.10686	0.23667	0.02965	0.67524	1.87149	0	0.12562	0.43154	0.16687	0	0	0.89136	0.50357	0	0	0.4089	0	0.05217	0	0	0.05803	0.09609	0.10659	0.05434	0.15682	0	0.85833	0.09675	0.04012	0	0	1.77252	0.04318	0.06733	0.00703	0.1744	0.3426	0.23172	0	0	0	0.3582	0.04111	0.38162	0.38214
s__Acinetobacter_junii	2|1224|1236|72274|468|469|40215	0	0	0	0	0	0	0	0	0	0	0	0	0	0	0	0	0	0	0	0	0	0.09855	0	0	0	0	0	0	0	0	0	0	0	0	0	0	0	0	0	0	0	0	0	0	0	0	0	0	0	0	0	0	0	0	0	0	0	0	0	0	0	0	0	0	0	0
s__Treponema_denticola	2|203691|203692|136|137|157|158	0	0	0	0	0	0	0	0	0	0	0	0	0	0	0	0	0	0	0	0	0	0.00469	0	0	0	0	0	0	0	0	0	0.01351	0	0	0	0	0	0	0	0	0	0	0	0	0	0	0	0	0	0	0	0.01307	0	0	0	0	0	0.06662	0.04505	0	0	0	0	0	0	0
s__Treponema_lecithinolyticum	2|203691|203692|136|137|157|53418	0	0	0	0	0	0	0	0	0	0	0	0	0	0	0	0	0	0	0	0	0	0	0	0	0	0.01945	0	0	0	0	0	0	0	0	0	0	0	0	0	0	0	0	0	0.04554	0	0	0	0	0	0	0	0	0	0	0	0	0	0	0	0	0	0	0	0	0	0
s__Treponema_medium	2|203691|203692|136|137|157|58231	0	0	0	0	0	0	0	0	0	0	0	0	0	0	0	0	0	0	0	0	0	0	0	0	0	0.00408	0.00081	0	0	0	0	0	0	0	0	0	0	0	0	0	0	0	0	0	0	0	0	0	0	0	0	0.00476	0	0	0	0	0	0.00113	0.00091	0	0	0	0	0	0	0
s__Treponema_socranskii	2|203691|203692|136|137|157|53419	0	0.04257	0	0	0	0	0	0	0	0	0	0	0	0	0	0	0	0	0	0	0	0.0009	0	0	0	0.00807	0.00114	0	0	0	0	0	0	0	0	0	0	0	0	0	0	0	0	0.00607	0	0	0	0	0	0	0	0	0	0	0	0	0	0	0	0	0	0	0	0	0	0
s__Treponema_sp_OMZ_838	2|203691|203692|136|137|157|1539298	0	0	0	0	0	0	0	0	0	0	0	0	0	0	0	0	0	0	0	0	0	0	0	0	0	0.01553	0	0	0	0	0	0	0	0	0	0	0	0	0	0	0	0	0	0	0	0	0	0	0	0	0	0	0	0	0	0	0	0	0.00522	0	0	0	0	0	0	0
s__Treponema_vincentii	2|203691|203692|136|137|157|69710	0	0.00172	0	0	0	0	0	0	0	0	0	0	0	0	0	0	0	0	0	0	0	0	0	0	0	0	0	0	0	0	0	0	0	0	0	0	0	0	0	0	0	0	0	0	0	0	0	0	0	0	0	0	0	0	0	0	0	0	0	0	0	0	0	0	0	0
s__Fretibacterium_fastidiosum	2|508458|649775|649776|649777|1434006|651822	0	0	0	0	0	0	0	0	0	0	0.00599	0	0	0	0	0	0	0	0	0	0	0	0	0	0	0.00255	0	0	0	0	0	0	0	0	0	0	0	0	0	0	0	0	0	0	0	0	0	0	0	0	0	0	0	0	0	0.00297	0	0.01954	0	0	0	0	0	0	0	0
s__Candida_albicans	2759|4890|4891|4892|766764|1535326|5476	0	0	0	0	0	0	0	0	0	0	0	0	0	0	0	0	0	0	0	0	0	0	0	0	0	0	0	0	0	0	0	0	0	0	0	0	0	0	0	0	0	0	0	0	0	0	0	0	0	0	0	0	0	0	0	0	0	0	0	0	0	0	0	0.00242	0.66442	0
s__Candida_tropicalis	2759|4890|4891|4892|766764|1535326|5482	0	0	0	0	0	0	0	0	0	0	0	0	0	0	0	0	0	0	0	0	0	0	0	0	0	0	0	0.03663	0	0	0	0	0	0	0	0	0	0	0	0	0	0	0	0	0	0.01	0	0	0	0	0	0	0	0	0	0	0	0	0	0.00215	0	0	0	0	0	0
s__Malassezia_restricta	2759|5204|1538075|162474|742845|55193|76775	0	0	0	0	0	0	0	0	0	0	0	0	0.00569	0	0	0	0	0	0	0	0	0	0	0	0	0	0	0	0	0	0	0	0	0	0	0	0	0	0	0	0	0	0	0	0	0	0	0	0	0	0	0	0	0	0	0	0	0	0	0	0	0	0	0	0	0
